Source;Target;Partition;model;Resize;dropoutTrain;dropoutVal;Repetitions;Combination;VoteTH;BinTH;TotalGTBoxes;F1;IoU;Prec;Recall;TP;FP;FN;TP-norm;FP-norm;FN-norm;mAP;COCO
Capitan;Capitan;val;SAE_D3_RVH_Capitan;VH;0.3;0.1;1;votes;0.25;0.55;121;0.9516129032258065;0.8518562191318376;0.9291338582677166;0.9752066115702479;118.0;9;3;0.9752066115702479;0.07086614173228346;0.024793388429752067;0.8808680176734924;0.5499820709228516
Capitan;Capitan;test;SAE_D3_RVH_Capitan;VH;0.3;0.1;1;votes;0.25;0.55;144;0.963210702341137;0.850069329924434;0.9290322580645162;1.0;144.0;11;0;1.0;0.07096774193548387;0.0;0.9916766881942749;0.6904849410057068
Capitan;SEILS;test;SAE_D3_RVH_Capitan;VH;0.3;0.1;1;votes;0.25;0.55;289;0.3407407407407407;0.7393628313192492;0.2979274611398964;0.39792387543252594;115.0;271;174;0.39792387543252594;0.7020725388601037;0.6020761245674741;0.16441883146762848;0.06551531702280045
Capitan;FMT_C;test;SAE_D3_RVH_Capitan;VH;0.3;0.1;1;votes;0.25;0.55;311;0;0;0.0;0.0;0.0;3;311;0.0;1.0;1.0;0.0;0.0
Capitan;Capitan;val;SAE_D3_RVH_Capitan;VH;0.3;0.1;1;votes;0.5;0.55;121;0.9516129032258065;0.8518562191318376;0.9291338582677166;0.9752066115702479;118.0;9;3;0.9752066115702479;0.07086614173228346;0.024793388429752067;0.8808680176734924;0.5499820709228516
Capitan;Capitan;test;SAE_D3_RVH_Capitan;VH;0.3;0.1;1;votes;0.5;0.55;144;0.963210702341137;0.850069329924434;0.9290322580645162;1.0;144.0;11;0;1.0;0.07096774193548387;0.0;0.9916766881942749;0.6904849410057068
Capitan;SEILS;test;SAE_D3_RVH_Capitan;VH;0.3;0.1;1;votes;0.5;0.55;289;0.3407407407407407;0.7393628313192492;0.2979274611398964;0.39792387543252594;115.0;271;174;0.39792387543252594;0.7020725388601037;0.6020761245674741;0.16441883146762848;0.06551531702280045
Capitan;FMT_C;test;SAE_D3_RVH_Capitan;VH;0.3;0.1;1;votes;0.5;0.55;311;0;0;0.0;0.0;0.0;3;311;0.0;1.0;1.0;0.0;0.0
Capitan;Capitan;val;SAE_D3_RVH_Capitan;VH;0.3;0.1;1;votes;0.75;0.55;121;0.9516129032258065;0.8518562191318376;0.9291338582677166;0.9752066115702479;118.0;9;3;0.9752066115702479;0.07086614173228346;0.024793388429752067;0.8808680176734924;0.5499820709228516
Capitan;Capitan;test;SAE_D3_RVH_Capitan;VH;0.3;0.1;1;votes;0.75;0.55;144;0.963210702341137;0.850069329924434;0.9290322580645162;1.0;144.0;11;0;1.0;0.07096774193548387;0.0;0.9916766881942749;0.6904849410057068
Capitan;SEILS;test;SAE_D3_RVH_Capitan;VH;0.3;0.1;1;votes;0.75;0.55;289;0.3407407407407407;0.7393628313192492;0.2979274611398964;0.39792387543252594;115.0;271;174;0.39792387543252594;0.7020725388601037;0.6020761245674741;0.16441883146762848;0.06551531702280045
Capitan;FMT_C;test;SAE_D3_RVH_Capitan;VH;0.3;0.1;1;votes;0.75;0.55;311;0;0;0.0;0.0;0.0;3;311;0.0;1.0;1.0;0.0;0.0
Capitan;Capitan;val;SAE_D3_RVH_Capitan;VH;0.3;0.1;1;votes;1.0;0.55;121;0.9516129032258065;0.8518562191318376;0.9291338582677166;0.9752066115702479;118.0;9;3;0.9752066115702479;0.07086614173228346;0.024793388429752067;0.8808680176734924;0.5499820709228516
Capitan;Capitan;test;SAE_D3_RVH_Capitan;VH;0.3;0.1;1;votes;1.0;0.55;144;0.963210702341137;0.850069329924434;0.9290322580645162;1.0;144.0;11;0;1.0;0.07096774193548387;0.0;0.9916766881942749;0.6904849410057068
Capitan;SEILS;test;SAE_D3_RVH_Capitan;VH;0.3;0.1;1;votes;1.0;0.55;289;0.3407407407407407;0.7393628313192492;0.2979274611398964;0.39792387543252594;115.0;271;174;0.39792387543252594;0.7020725388601037;0.6020761245674741;0.16441883146762848;0.06551531702280045
Capitan;FMT_C;test;SAE_D3_RVH_Capitan;VH;0.3;0.1;1;votes;1.0;0.55;311;0;0;0.0;0.0;0.0;3;311;0.0;1.0;1.0;0.0;0.0
Capitan;Capitan;val;SAE_D3_RVH_Capitan;VH;0.3;0.2;1;votes;0.25;0.2;121;0.921875;0.8207148274857621;0.8740740740740741;0.9752066115702479;118.0;17;3;0.9752066115702479;0.1259259259259259;0.024793388429752067;0.8535953164100647;0.5493669509887695
Capitan;Capitan;test;SAE_D3_RVH_Capitan;VH;0.3;0.2;1;votes;0.25;0.2;144;0.9142857142857143;0.8173067212069048;0.8421052631578947;1.0;144.0;27;0;1.0;0.15789473684210525;0.0;0.9884705543518066;0.6120771169662476
Capitan;SEILS;test;SAE_D3_RVH_Capitan;VH;0.3;0.2;1;votes;0.25;0.2;289;0.18524332810047095;0.7249727637370494;0.16954022988505746;0.2041522491349481;59.0;289;230;0.2041522491349481;0.8304597701149425;0.7958477508650519;0.06995096057653427;0.0286848284304142
Capitan;FMT_C;test;SAE_D3_RVH_Capitan;VH;0.3;0.2;1;votes;0.25;0.2;311;0;0;0.0;0.0;0.0;34;311;0.0;1.0;1.0;0.0;0.0
Capitan;Capitan;val;SAE_D3_RVH_Capitan;VH;0.3;0.2;1;votes;0.5;0.2;121;0.921875;0.8207148274857621;0.8740740740740741;0.9752066115702479;118.0;17;3;0.9752066115702479;0.1259259259259259;0.024793388429752067;0.8535953164100647;0.5493669509887695
Capitan;Capitan;test;SAE_D3_RVH_Capitan;VH;0.3;0.2;1;votes;0.5;0.2;144;0.9142857142857143;0.8173067212069048;0.8421052631578947;1.0;144.0;27;0;1.0;0.15789473684210525;0.0;0.9884705543518066;0.6120771169662476
Capitan;SEILS;test;SAE_D3_RVH_Capitan;VH;0.3;0.2;1;votes;0.5;0.2;289;0.18524332810047095;0.7249727637370494;0.16954022988505746;0.2041522491349481;59.0;289;230;0.2041522491349481;0.8304597701149425;0.7958477508650519;0.06995096057653427;0.0286848284304142
Capitan;FMT_C;test;SAE_D3_RVH_Capitan;VH;0.3;0.2;1;votes;0.5;0.2;311;0;0;0.0;0.0;0.0;34;311;0.0;1.0;1.0;0.0;0.0
Capitan;Capitan;val;SAE_D3_RVH_Capitan;VH;0.3;0.2;1;votes;0.75;0.2;121;0.921875;0.8207148274857621;0.8740740740740741;0.9752066115702479;118.0;17;3;0.9752066115702479;0.1259259259259259;0.024793388429752067;0.8535953164100647;0.5493669509887695
Capitan;Capitan;test;SAE_D3_RVH_Capitan;VH;0.3;0.2;1;votes;0.75;0.2;144;0.9142857142857143;0.8173067212069048;0.8421052631578947;1.0;144.0;27;0;1.0;0.15789473684210525;0.0;0.9884705543518066;0.6120771169662476
Capitan;SEILS;test;SAE_D3_RVH_Capitan;VH;0.3;0.2;1;votes;0.75;0.2;289;0.18524332810047095;0.7249727637370494;0.16954022988505746;0.2041522491349481;59.0;289;230;0.2041522491349481;0.8304597701149425;0.7958477508650519;0.06995096057653427;0.0286848284304142
Capitan;FMT_C;test;SAE_D3_RVH_Capitan;VH;0.3;0.2;1;votes;0.75;0.2;311;0;0;0.0;0.0;0.0;34;311;0.0;1.0;1.0;0.0;0.0
Capitan;Capitan;val;SAE_D3_RVH_Capitan;VH;0.3;0.2;1;votes;1.0;0.2;121;0.921875;0.8207148274857621;0.8740740740740741;0.9752066115702479;118.0;17;3;0.9752066115702479;0.1259259259259259;0.024793388429752067;0.8535953164100647;0.5493669509887695
Capitan;Capitan;test;SAE_D3_RVH_Capitan;VH;0.3;0.2;1;votes;1.0;0.2;144;0.9142857142857143;0.8173067212069048;0.8421052631578947;1.0;144.0;27;0;1.0;0.15789473684210525;0.0;0.9884705543518066;0.6120771169662476
Capitan;SEILS;test;SAE_D3_RVH_Capitan;VH;0.3;0.2;1;votes;1.0;0.2;289;0.18524332810047095;0.7249727637370494;0.16954022988505746;0.2041522491349481;59.0;289;230;0.2041522491349481;0.8304597701149425;0.7958477508650519;0.06995096057653427;0.0286848284304142
Capitan;FMT_C;test;SAE_D3_RVH_Capitan;VH;0.3;0.2;1;votes;1.0;0.2;311;0;0;0.0;0.0;0.0;34;311;0.0;1.0;1.0;0.0;0.0
Capitan;Capitan;val;SAE_D3_RVH_Capitan;VH;0.3;0.3;1;votes;0.25;0.15;121;0.924901185770751;0.8201089917169077;0.8863636363636364;0.9669421487603306;117.0;15;4;0.9669421487603306;0.11363636363636363;0.03305785123966942;0.7380867600440979;0.4487246572971344
Capitan;Capitan;test;SAE_D3_RVH_Capitan;VH;0.3;0.3;1;votes;0.25;0.15;144;0.9171974522292993;0.8265369329829522;0.8470588235294118;1.0;144.0;26;0;1.0;0.15294117647058825;0.0;0.9788255095481873;0.6265631318092346
Capitan;SEILS;test;SAE_D3_RVH_Capitan;VH;0.3;0.3;1;votes;0.25;0.15;289;0.12099644128113879;0.6839598580649576;0.12454212454212454;0.11764705882352941;34.0;239;255;0.11764705882352941;0.8754578754578755;0.8823529411764706;0.029007460922002792;0.01001646276563406
Capitan;FMT_C;test;SAE_D3_RVH_Capitan;VH;0.3;0.3;1;votes;0.25;0.15;311;0;0;0.0;0.0;0.0;32;311;0.0;1.0;1.0;0.0;0.0
Capitan;Capitan;val;SAE_D3_RVH_Capitan;VH;0.3;0.3;1;votes;0.5;0.15;121;0.924901185770751;0.8201089917169077;0.8863636363636364;0.9669421487603306;117.0;15;4;0.9669421487603306;0.11363636363636363;0.03305785123966942;0.7380867600440979;0.4487246572971344
Capitan;Capitan;test;SAE_D3_RVH_Capitan;VH;0.3;0.3;1;votes;0.5;0.15;144;0.9171974522292993;0.8265369329829522;0.8470588235294118;1.0;144.0;26;0;1.0;0.15294117647058825;0.0;0.9788255095481873;0.6265631318092346
Capitan;SEILS;test;SAE_D3_RVH_Capitan;VH;0.3;0.3;1;votes;0.5;0.15;289;0.12099644128113879;0.6839598580649576;0.12454212454212454;0.11764705882352941;34.0;239;255;0.11764705882352941;0.8754578754578755;0.8823529411764706;0.029007460922002792;0.01001646276563406
Capitan;FMT_C;test;SAE_D3_RVH_Capitan;VH;0.3;0.3;1;votes;0.5;0.15;311;0;0;0.0;0.0;0.0;32;311;0.0;1.0;1.0;0.0;0.0
Capitan;Capitan;val;SAE_D3_RVH_Capitan;VH;0.3;0.3;1;votes;0.75;0.15;121;0.924901185770751;0.8201089917169077;0.8863636363636364;0.9669421487603306;117.0;15;4;0.9669421487603306;0.11363636363636363;0.03305785123966942;0.7380867600440979;0.4487246572971344
Capitan;Capitan;test;SAE_D3_RVH_Capitan;VH;0.3;0.3;1;votes;0.75;0.15;144;0.9171974522292993;0.8265369329829522;0.8470588235294118;1.0;144.0;26;0;1.0;0.15294117647058825;0.0;0.9788255095481873;0.6265631318092346
Capitan;SEILS;test;SAE_D3_RVH_Capitan;VH;0.3;0.3;1;votes;0.75;0.15;289;0.12099644128113879;0.6839598580649576;0.12454212454212454;0.11764705882352941;34.0;239;255;0.11764705882352941;0.8754578754578755;0.8823529411764706;0.029007460922002792;0.01001646276563406
Capitan;FMT_C;test;SAE_D3_RVH_Capitan;VH;0.3;0.3;1;votes;0.75;0.15;311;0;0;0.0;0.0;0.0;32;311;0.0;1.0;1.0;0.0;0.0
Capitan;Capitan;val;SAE_D3_RVH_Capitan;VH;0.3;0.3;1;votes;1.0;0.15;121;0.924901185770751;0.8201089917169077;0.8863636363636364;0.9669421487603306;117.0;15;4;0.9669421487603306;0.11363636363636363;0.03305785123966942;0.7380867600440979;0.4487246572971344
Capitan;Capitan;test;SAE_D3_RVH_Capitan;VH;0.3;0.3;1;votes;1.0;0.15;144;0.9171974522292993;0.8265369329829522;0.8470588235294118;1.0;144.0;26;0;1.0;0.15294117647058825;0.0;0.9788255095481873;0.6265631318092346
Capitan;SEILS;test;SAE_D3_RVH_Capitan;VH;0.3;0.3;1;votes;1.0;0.15;289;0.12099644128113879;0.6839598580649576;0.12454212454212454;0.11764705882352941;34.0;239;255;0.11764705882352941;0.8754578754578755;0.8823529411764706;0.029007460922002792;0.01001646276563406
Capitan;FMT_C;test;SAE_D3_RVH_Capitan;VH;0.3;0.3;1;votes;1.0;0.15;311;0;0;0.0;0.0;0.0;32;311;0.0;1.0;1.0;0.0;0.0
Capitan;Capitan;val;SAE_D3_RVH_Capitan;VH;0.3;0.4;1;votes;0.25;0.1;121;0.8270042194092827;0.7683706584280363;0.8448275862068966;0.8099173553719008;98.0;18;23;0.8099173553719008;0.15517241379310345;0.19008264462809918;0.5919477343559265;0.3118673861026764
Capitan;Capitan;test;SAE_D3_RVH_Capitan;VH;0.3;0.4;1;votes;0.25;0.1;144;0.691860465116279;0.7993370192790169;0.595;0.8263888888888888;119.0;81;25;0.8263888888888888;0.405;0.1736111111111111;0.713236927986145;0.3873623013496399
Capitan;SEILS;test;SAE_D3_RVH_Capitan;VH;0.3;0.4;1;votes;0.25;0.1;289;0.03440860215053764;0.6819142085048169;0.045454545454545456;0.02768166089965398;8.0;168;281;0.02768166089965398;0.9545454545454546;0.972318339100346;0.003498074598610401;0.0015642105136066675
Capitan;FMT_C;test;SAE_D3_RVH_Capitan;VH;0.3;0.4;1;votes;0.25;0.1;311;0.004914004914004914;0.6490132065078661;0.010416666666666666;0.003215434083601286;1.0;95;310;0.003215434083601286;0.9895833333333334;0.9967845659163987;0.0003132987185381353;0.00026402639923617244
Capitan;Capitan;val;SAE_D3_RVH_Capitan;VH;0.3;0.4;1;votes;0.5;0.1;121;0.8270042194092827;0.7683706584280363;0.8448275862068966;0.8099173553719008;98.0;18;23;0.8099173553719008;0.15517241379310345;0.19008264462809918;0.5919477343559265;0.3118673861026764
Capitan;Capitan;test;SAE_D3_RVH_Capitan;VH;0.3;0.4;1;votes;0.5;0.1;144;0.691860465116279;0.7993370192790169;0.595;0.8263888888888888;119.0;81;25;0.8263888888888888;0.405;0.1736111111111111;0.713236927986145;0.3873623013496399
Capitan;SEILS;test;SAE_D3_RVH_Capitan;VH;0.3;0.4;1;votes;0.5;0.1;289;0.03440860215053764;0.6819142085048169;0.045454545454545456;0.02768166089965398;8.0;168;281;0.02768166089965398;0.9545454545454546;0.972318339100346;0.003498074598610401;0.0015642105136066675
Capitan;FMT_C;test;SAE_D3_RVH_Capitan;VH;0.3;0.4;1;votes;0.5;0.1;311;0.004914004914004914;0.6490132065078661;0.010416666666666666;0.003215434083601286;1.0;95;310;0.003215434083601286;0.9895833333333334;0.9967845659163987;0.0003132987185381353;0.00026402639923617244
Capitan;Capitan;val;SAE_D3_RVH_Capitan;VH;0.3;0.4;1;votes;0.75;0.1;121;0.8270042194092827;0.7683706584280363;0.8448275862068966;0.8099173553719008;98.0;18;23;0.8099173553719008;0.15517241379310345;0.19008264462809918;0.5919477343559265;0.3118673861026764
Capitan;Capitan;test;SAE_D3_RVH_Capitan;VH;0.3;0.4;1;votes;0.75;0.1;144;0.691860465116279;0.7993370192790169;0.595;0.8263888888888888;119.0;81;25;0.8263888888888888;0.405;0.1736111111111111;0.713236927986145;0.3873623013496399
Capitan;SEILS;test;SAE_D3_RVH_Capitan;VH;0.3;0.4;1;votes;0.75;0.1;289;0.03440860215053764;0.6819142085048169;0.045454545454545456;0.02768166089965398;8.0;168;281;0.02768166089965398;0.9545454545454546;0.972318339100346;0.003498074598610401;0.0015642105136066675
Capitan;FMT_C;test;SAE_D3_RVH_Capitan;VH;0.3;0.4;1;votes;0.75;0.1;311;0.004914004914004914;0.6490132065078661;0.010416666666666666;0.003215434083601286;1.0;95;310;0.003215434083601286;0.9895833333333334;0.9967845659163987;0.0003132987185381353;0.00026402639923617244
Capitan;Capitan;val;SAE_D3_RVH_Capitan;VH;0.3;0.4;1;votes;1.0;0.1;121;0.8270042194092827;0.7683706584280363;0.8448275862068966;0.8099173553719008;98.0;18;23;0.8099173553719008;0.15517241379310345;0.19008264462809918;0.5919477343559265;0.3118673861026764
Capitan;Capitan;test;SAE_D3_RVH_Capitan;VH;0.3;0.4;1;votes;1.0;0.1;144;0.691860465116279;0.7993370192790169;0.595;0.8263888888888888;119.0;81;25;0.8263888888888888;0.405;0.1736111111111111;0.713236927986145;0.3873623013496399
Capitan;SEILS;test;SAE_D3_RVH_Capitan;VH;0.3;0.4;1;votes;1.0;0.1;289;0.03440860215053764;0.6819142085048169;0.045454545454545456;0.02768166089965398;8.0;168;281;0.02768166089965398;0.9545454545454546;0.972318339100346;0.003498074598610401;0.0015642105136066675
Capitan;FMT_C;test;SAE_D3_RVH_Capitan;VH;0.3;0.4;1;votes;1.0;0.1;311;0.004914004914004914;0.6490132065078661;0.010416666666666666;0.003215434083601286;1.0;95;310;0.003215434083601286;0.9895833333333334;0.9967845659163987;0.0003132987185381353;0.00026402639923617244
Capitan;Capitan;val;SAE_D3_RVH_Capitan;VH;0.3;0.5;1;votes;0.25;0.25;121;0.5252525252525252;0.7059040096979616;0.6753246753246753;0.4297520661157025;52.0;25;69;0.4297520661157025;0.3246753246753247;0.5702479338842975;0.17704883217811584;0.06881292164325714
Capitan;Capitan;test;SAE_D3_RVH_Capitan;VH;0.3;0.5;1;votes;0.25;0.25;144;0.45999999999999996;0.7289691953569428;0.4423076923076923;0.4791666666666667;69.0;87;75;0.4791666666666667;0.5576923076923077;0.5208333333333334;0.35443150997161865;0.14630386233329773
Capitan;SEILS;test;SAE_D3_RVH_Capitan;VH;0.3;0.5;1;votes;0.25;0.25;289;0.07125890736342042;0.6921165452938017;0.11363636363636363;0.05190311418685121;15.0;117;274;0.05190311418685121;0.8863636363636364;0.9480968858131488;0.01117723062634468;0.0039307186380028725
Capitan;FMT_C;test;SAE_D3_RVH_Capitan;VH;0.3;0.5;1;votes;0.25;0.25;311;0;0;0.0;0.0;0.0;58;311;0.0;1.0;1.0;0.0;0.0
Capitan;Capitan;val;SAE_D3_RVH_Capitan;VH;0.3;0.5;1;votes;0.5;0.25;121;0.5252525252525252;0.7059040096979616;0.6753246753246753;0.4297520661157025;52.0;25;69;0.4297520661157025;0.3246753246753247;0.5702479338842975;0.17704883217811584;0.06881292164325714
Capitan;Capitan;test;SAE_D3_RVH_Capitan;VH;0.3;0.5;1;votes;0.5;0.25;144;0.45999999999999996;0.7289691953569428;0.4423076923076923;0.4791666666666667;69.0;87;75;0.4791666666666667;0.5576923076923077;0.5208333333333334;0.35443150997161865;0.14630386233329773
Capitan;SEILS;test;SAE_D3_RVH_Capitan;VH;0.3;0.5;1;votes;0.5;0.25;289;0.07125890736342042;0.6921165452938017;0.11363636363636363;0.05190311418685121;15.0;117;274;0.05190311418685121;0.8863636363636364;0.9480968858131488;0.01117723062634468;0.0039307186380028725
Capitan;FMT_C;test;SAE_D3_RVH_Capitan;VH;0.3;0.5;1;votes;0.5;0.25;311;0;0;0.0;0.0;0.0;58;311;0.0;1.0;1.0;0.0;0.0
Capitan;Capitan;val;SAE_D3_RVH_Capitan;VH;0.3;0.5;1;votes;0.75;0.25;121;0.5252525252525252;0.7059040096979616;0.6753246753246753;0.4297520661157025;52.0;25;69;0.4297520661157025;0.3246753246753247;0.5702479338842975;0.17704883217811584;0.06881292164325714
Capitan;Capitan;test;SAE_D3_RVH_Capitan;VH;0.3;0.5;1;votes;0.75;0.25;144;0.45999999999999996;0.7289691953569428;0.4423076923076923;0.4791666666666667;69.0;87;75;0.4791666666666667;0.5576923076923077;0.5208333333333334;0.35443150997161865;0.14630386233329773
Capitan;SEILS;test;SAE_D3_RVH_Capitan;VH;0.3;0.5;1;votes;0.75;0.25;289;0.07125890736342042;0.6921165452938017;0.11363636363636363;0.05190311418685121;15.0;117;274;0.05190311418685121;0.8863636363636364;0.9480968858131488;0.01117723062634468;0.0039307186380028725
Capitan;FMT_C;test;SAE_D3_RVH_Capitan;VH;0.3;0.5;1;votes;0.75;0.25;311;0;0;0.0;0.0;0.0;58;311;0.0;1.0;1.0;0.0;0.0
Capitan;Capitan;val;SAE_D3_RVH_Capitan;VH;0.3;0.5;1;votes;1.0;0.25;121;0.5252525252525252;0.7059040096979616;0.6753246753246753;0.4297520661157025;52.0;25;69;0.4297520661157025;0.3246753246753247;0.5702479338842975;0.17704883217811584;0.06881292164325714
Capitan;Capitan;test;SAE_D3_RVH_Capitan;VH;0.3;0.5;1;votes;1.0;0.25;144;0.45999999999999996;0.7289691953569428;0.4423076923076923;0.4791666666666667;69.0;87;75;0.4791666666666667;0.5576923076923077;0.5208333333333334;0.35443150997161865;0.14630386233329773
Capitan;SEILS;test;SAE_D3_RVH_Capitan;VH;0.3;0.5;1;votes;1.0;0.25;289;0.07125890736342042;0.6921165452938017;0.11363636363636363;0.05190311418685121;15.0;117;274;0.05190311418685121;0.8863636363636364;0.9480968858131488;0.01117723062634468;0.0039307186380028725
Capitan;FMT_C;test;SAE_D3_RVH_Capitan;VH;0.3;0.5;1;votes;1.0;0.25;311;0;0;0.0;0.0;0.0;58;311;0.0;1.0;1.0;0.0;0.0
Capitan;Capitan;val;SAE_D3_RVH_Capitan;VH;0.3;0.1;2;votes;0.25;0.6;121;0.9836065573770492;0.8586994758068712;0.975609756097561;0.9917355371900827;120.0;3;1;0.9917355371900827;0.024390243902439025;0.008264462809917356;0.9417728185653687;0.5977129936218262
Capitan;Capitan;test;SAE_D3_RVH_Capitan;VH;0.3;0.1;2;votes;0.25;0.6;144;0.9411764705882353;0.8539985312643954;0.8888888888888888;1.0;144.0;18;0;1.0;0.1111111111111111;0.0;0.9783020615577698;0.6932061910629272
Capitan;SEILS;test;SAE_D3_RVH_Capitan;VH;0.3;0.1;2;votes;0.25;0.6;289;0.3469387755102041;0.7355408404463064;0.29974811083123426;0.4117647058823529;119.0;278;170;0.4117647058823529;0.7002518891687658;0.5882352941176471;0.17894287407398224;0.07322727143764496
Capitan;FMT_C;test;SAE_D3_RVH_Capitan;VH;0.3;0.1;2;votes;0.25;0.6;311;0;0;0.0;0.0;0.0;2;311;0.0;1.0;1.0;0.0;0.0
Capitan;Capitan;val;SAE_D3_RVH_Capitan;VH;0.3;0.1;2;votes;0.5;0.6;121;0.9836065573770492;0.8586994758068712;0.975609756097561;0.9917355371900827;120.0;3;1;0.9917355371900827;0.024390243902439025;0.008264462809917356;0.9417728185653687;0.5977129936218262
Capitan;Capitan;test;SAE_D3_RVH_Capitan;VH;0.3;0.1;2;votes;0.5;0.6;144;0.9411764705882353;0.8539985312643954;0.8888888888888888;1.0;144.0;18;0;1.0;0.1111111111111111;0.0;0.9783020615577698;0.6932061910629272
Capitan;SEILS;test;SAE_D3_RVH_Capitan;VH;0.3;0.1;2;votes;0.5;0.6;289;0.3469387755102041;0.7355408404463064;0.29974811083123426;0.4117647058823529;119.0;278;170;0.4117647058823529;0.7002518891687658;0.5882352941176471;0.17894287407398224;0.07322727143764496
Capitan;FMT_C;test;SAE_D3_RVH_Capitan;VH;0.3;0.1;2;votes;0.5;0.6;311;0;0;0.0;0.0;0.0;2;311;0.0;1.0;1.0;0.0;0.0
Capitan;Capitan;val;SAE_D3_RVH_Capitan;VH;0.3;0.1;2;votes;0.75;0.3;121;0.995850622406639;0.846301489512624;1.0;0.9917355371900827;120.0;0;1;0.9917355371900827;0.0;0.008264462809917356;0.914854884147644;0.5950721502304077
Capitan;Capitan;test;SAE_D3_RVH_Capitan;VH;0.3;0.1;2;votes;0.75;0.3;144;0.9411764705882353;0.8323699369261052;0.8888888888888888;1.0;144.0;18;0;1.0;0.1111111111111111;0.0;0.9772606492042542;0.6495436429977417
Capitan;SEILS;test;SAE_D3_RVH_Capitan;VH;0.3;0.1;2;votes;0.75;0.3;289;0.3152173913043478;0.7186603699066848;0.2595078299776286;0.4013840830449827;116.0;331;173;0.4013840830449827;0.7404921700223713;0.5986159169550173;0.14702238142490387;0.053181182593107224
Capitan;FMT_C;test;SAE_D3_RVH_Capitan;VH;0.3;0.1;2;votes;0.75;0.3;311;0;0;0.0;0.0;0.0;2;311;0.0;1.0;1.0;0.0;0.0
Capitan;Capitan;val;SAE_D3_RVH_Capitan;VH;0.3;0.1;2;votes;1.0;0.3;121;0.995850622406639;0.846301489512624;1.0;0.9917355371900827;120.0;0;1;0.9917355371900827;0.0;0.008264462809917356;0.914854884147644;0.5950721502304077
Capitan;Capitan;test;SAE_D3_RVH_Capitan;VH;0.3;0.1;2;votes;1.0;0.3;144;0.9411764705882353;0.8323699369261052;0.8888888888888888;1.0;144.0;18;0;1.0;0.1111111111111111;0.0;0.9772606492042542;0.6495436429977417
Capitan;SEILS;test;SAE_D3_RVH_Capitan;VH;0.3;0.1;2;votes;1.0;0.3;289;0.3152173913043478;0.7186603699066848;0.2595078299776286;0.4013840830449827;116.0;331;173;0.4013840830449827;0.7404921700223713;0.5986159169550173;0.14702238142490387;0.053181182593107224
Capitan;FMT_C;test;SAE_D3_RVH_Capitan;VH;0.3;0.1;2;votes;1.0;0.3;311;0;0;0.0;0.0;0.0;2;311;0.0;1.0;1.0;0.0;0.0
Capitan;Capitan;val;SAE_D3_RVH_Capitan;VH;0.3;0.2;2;votes;0.25;0.75;121;0.9672131147540983;0.8531159096275707;0.959349593495935;0.9752066115702479;118.0;5;3;0.9752066115702479;0.04065040650406504;0.024793388429752067;0.9318293333053589;0.5807220935821533
Capitan;Capitan;test;SAE_D3_RVH_Capitan;VH;0.3;0.2;2;votes;0.25;0.75;144;0.9627118644067797;0.8623415496695048;0.9403973509933775;0.9861111111111112;142.0;9;2;0.9861111111111112;0.059602649006622516;0.013888888888888888;0.9649468064308167;0.6987490653991699
Capitan;SEILS;test;SAE_D3_RVH_Capitan;VH;0.3;0.2;2;votes;0.25;0.75;289;0.25951557093425603;0.7136346946479626;0.25951557093425603;0.25951557093425603;75.0;214;214;0.25951557093425603;0.740484429065744;0.740484429065744;0.09324897080659866;0.034722793847322464
Capitan;FMT_C;test;SAE_D3_RVH_Capitan;VH;0.3;0.2;2;votes;0.25;0.75;311;0;0;0.0;0.0;0.0;0;311;0.0;0.0;1.0;0.0;0.0
Capitan;Capitan;val;SAE_D3_RVH_Capitan;VH;0.3;0.2;2;votes;0.5;0.75;121;0.9672131147540983;0.8531159096275707;0.959349593495935;0.9752066115702479;118.0;5;3;0.9752066115702479;0.04065040650406504;0.024793388429752067;0.9318293333053589;0.5807220935821533
Capitan;Capitan;test;SAE_D3_RVH_Capitan;VH;0.3;0.2;2;votes;0.5;0.75;144;0.9627118644067797;0.8623415496695048;0.9403973509933775;0.9861111111111112;142.0;9;2;0.9861111111111112;0.059602649006622516;0.013888888888888888;0.9649468064308167;0.6987490653991699
Capitan;SEILS;test;SAE_D3_RVH_Capitan;VH;0.3;0.2;2;votes;0.5;0.75;289;0.25951557093425603;0.7136346946479626;0.25951557093425603;0.25951557093425603;75.0;214;214;0.25951557093425603;0.740484429065744;0.740484429065744;0.09324897080659866;0.034722793847322464
Capitan;FMT_C;test;SAE_D3_RVH_Capitan;VH;0.3;0.2;2;votes;0.5;0.75;311;0;0;0.0;0.0;0.0;0;311;0.0;0.0;1.0;0.0;0.0
Capitan;Capitan;val;SAE_D3_RVH_Capitan;VH;0.3;0.2;2;votes;0.75;0.4;121;0.9917355371900827;0.8618513692959487;0.9917355371900827;0.9917355371900827;120.0;1;1;0.9917355371900827;0.008264462809917356;0.008264462809917356;0.8736346960067749;0.5625171065330505
Capitan;Capitan;test;SAE_D3_RVH_Capitan;VH;0.3;0.2;2;votes;0.75;0.4;144;0.972972972972973;0.8607990226318707;0.9473684210526315;1.0;144.0;8;0;1.0;0.05263157894736842;0.0;0.9960753917694092;0.7195307016372681
Capitan;SEILS;test;SAE_D3_RVH_Capitan;VH;0.3;0.2;2;votes;0.75;0.4;289;0.05217391304347826;0.7409211622445769;0.07017543859649122;0.04152249134948097;12.0;159;277;0.04152249134948097;0.9298245614035088;0.9584775086505191;0.004693536553531885;0.002603948814794421
Capitan;FMT_C;test;SAE_D3_RVH_Capitan;VH;0.3;0.2;2;votes;0.75;0.4;311;0;0;0.0;0.0;0.0;0;311;0.0;0.0;1.0;0.0;0.0
Capitan;Capitan;val;SAE_D3_RVH_Capitan;VH;0.3;0.2;2;votes;1.0;0.4;121;0.9917355371900827;0.8618513692959487;0.9917355371900827;0.9917355371900827;120.0;1;1;0.9917355371900827;0.008264462809917356;0.008264462809917356;0.8736346960067749;0.5625171065330505
Capitan;Capitan;test;SAE_D3_RVH_Capitan;VH;0.3;0.2;2;votes;1.0;0.4;144;0.972972972972973;0.8607990226318707;0.9473684210526315;1.0;144.0;8;0;1.0;0.05263157894736842;0.0;0.9960753917694092;0.7195307016372681
Capitan;SEILS;test;SAE_D3_RVH_Capitan;VH;0.3;0.2;2;votes;1.0;0.4;289;0.05217391304347826;0.7409211622445769;0.07017543859649122;0.04152249134948097;12.0;159;277;0.04152249134948097;0.9298245614035088;0.9584775086505191;0.004693536553531885;0.002603948814794421
Capitan;FMT_C;test;SAE_D3_RVH_Capitan;VH;0.3;0.2;2;votes;1.0;0.4;311;0;0;0.0;0.0;0.0;0;311;0.0;0.0;1.0;0.0;0.0
Capitan;Capitan;val;SAE_D3_RVH_Capitan;VH;0.3;0.3;2;votes;0.25;0.3;121;0.979591836734694;0.8099486681977768;0.967741935483871;0.9917355371900827;120.0;4;1;0.9917355371900827;0.03225806451612903;0.008264462809917356;0.8963419198989868;0.5231240391731262
Capitan;Capitan;test;SAE_D3_RVH_Capitan;VH;0.3;0.3;2;votes;0.25;0.3;144;0.8785046728971962;0.8000806296200751;0.7966101694915254;0.9791666666666666;141.0;36;3;0.9791666666666666;0.2033898305084746;0.020833333333333332;0.9329750537872314;0.5242255330085754
Capitan;SEILS;test;SAE_D3_RVH_Capitan;VH;0.3;0.3;2;votes;0.25;0.3;289;0.14586709886547813;0.7080287749392731;0.13719512195121952;0.15570934256055363;45.0;283;244;0.15570934256055363;0.8628048780487805;0.8442906574394463;0.0366935133934021;0.012042300775647163
Capitan;FMT_C;test;SAE_D3_RVH_Capitan;VH;0.3;0.3;2;votes;0.25;0.3;311;0;0;0.0;0.0;0.0;62;311;0.0;1.0;1.0;0.0;0.0
Capitan;Capitan;val;SAE_D3_RVH_Capitan;VH;0.3;0.3;2;votes;0.5;0.3;121;0.979591836734694;0.8099486681977768;0.967741935483871;0.9917355371900827;120.0;4;1;0.9917355371900827;0.03225806451612903;0.008264462809917356;0.8963419198989868;0.5231240391731262
Capitan;Capitan;test;SAE_D3_RVH_Capitan;VH;0.3;0.3;2;votes;0.5;0.3;144;0.8785046728971962;0.8000806296200751;0.7966101694915254;0.9791666666666666;141.0;36;3;0.9791666666666666;0.2033898305084746;0.020833333333333332;0.9329750537872314;0.5242255330085754
Capitan;SEILS;test;SAE_D3_RVH_Capitan;VH;0.3;0.3;2;votes;0.5;0.3;289;0.14586709886547813;0.7080287749392731;0.13719512195121952;0.15570934256055363;45.0;283;244;0.15570934256055363;0.8628048780487805;0.8442906574394463;0.0366935133934021;0.012042300775647163
Capitan;FMT_C;test;SAE_D3_RVH_Capitan;VH;0.3;0.3;2;votes;0.5;0.3;311;0;0;0.0;0.0;0.0;62;311;0.0;1.0;1.0;0.0;0.0
Capitan;Capitan;val;SAE_D3_RVH_Capitan;VH;0.3;0.3;2;votes;0.75;0.1;121;0.9794238683127573;0.8496733840321398;0.9754098360655737;0.9834710743801653;119.0;3;2;0.9834710743801653;0.02459016393442623;0.01652892561983471;0.5153554081916809;0.29987528920173645
Capitan;Capitan;test;SAE_D3_RVH_Capitan;VH;0.3;0.3;2;votes;0.75;0.1;144;0.8742138364779873;0.8204373021695758;0.7988505747126436;0.9652777777777778;139.0;35;5;0.9652777777777778;0.20114942528735633;0.034722222222222224;0.9072476625442505;0.5590530037879944
Capitan;SEILS;test;SAE_D3_RVH_Capitan;VH;0.3;0.3;2;votes;0.75;0.1;289;0.09829867674858225;0.6420580135025684;0.10833333333333334;0.08996539792387544;26.0;214;263;0.08996539792387544;0.8916666666666667;0.9100346020761245;0.01733059249818325;0.005251935217529535
Capitan;FMT_C;test;SAE_D3_RVH_Capitan;VH;0.3;0.3;2;votes;0.75;0.1;311;0;0;0.0;0.0;0.0;12;311;0.0;1.0;1.0;0.0;0.0
Capitan;Capitan;val;SAE_D3_RVH_Capitan;VH;0.3;0.3;2;votes;1.0;0.1;121;0.9794238683127573;0.8496733840321398;0.9754098360655737;0.9834710743801653;119.0;3;2;0.9834710743801653;0.02459016393442623;0.01652892561983471;0.5153554081916809;0.29987528920173645
Capitan;Capitan;test;SAE_D3_RVH_Capitan;VH;0.3;0.3;2;votes;1.0;0.1;144;0.8742138364779873;0.8204373021695758;0.7988505747126436;0.9652777777777778;139.0;35;5;0.9652777777777778;0.20114942528735633;0.034722222222222224;0.9072476625442505;0.5590530037879944
Capitan;SEILS;test;SAE_D3_RVH_Capitan;VH;0.3;0.3;2;votes;1.0;0.1;289;0.09829867674858225;0.6420580135025684;0.10833333333333334;0.08996539792387544;26.0;214;263;0.08996539792387544;0.8916666666666667;0.9100346020761245;0.01733059249818325;0.005251935217529535
Capitan;FMT_C;test;SAE_D3_RVH_Capitan;VH;0.3;0.3;2;votes;1.0;0.1;311;0;0;0.0;0.0;0.0;12;311;0.0;1.0;1.0;0.0;0.0
Capitan;Capitan;val;SAE_D3_RVH_Capitan;VH;0.3;0.4;2;votes;0.25;0.3;121;0.924901185770751;0.7695814030350914;0.8863636363636364;0.9669421487603306;117.0;15;4;0.9669421487603306;0.11363636363636363;0.03305785123966942;0.7255575060844421;0.3460310101509094
Capitan;Capitan;test;SAE_D3_RVH_Capitan;VH;0.3;0.4;2;votes;0.25;0.3;144;0.7262569832402234;0.7708197894809674;0.6074766355140186;0.9027777777777778;130.0;84;14;0.9027777777777778;0.3925233644859813;0.09722222222222222;0.7783457636833191;0.37725216150283813
Capitan;SEILS;test;SAE_D3_RVH_Capitan;VH;0.3;0.4;2;votes;0.25;0.3;289;0.1161524500907441;0.7019151120533709;0.12213740458015267;0.11072664359861592;32.0;230;257;0.11072664359861592;0.8778625954198473;0.889273356401384;0.023862827569246292;0.009085685946047306
Capitan;FMT_C;test;SAE_D3_RVH_Capitan;VH;0.3;0.4;2;votes;0.25;0.3;311;0;0;0.0;0.0;0.0;72;311;0.0;1.0;1.0;0.0;0.0
Capitan;Capitan;val;SAE_D3_RVH_Capitan;VH;0.3;0.4;2;votes;0.5;0.3;121;0.924901185770751;0.7695814030350914;0.8863636363636364;0.9669421487603306;117.0;15;4;0.9669421487603306;0.11363636363636363;0.03305785123966942;0.7255575060844421;0.3460310101509094
Capitan;Capitan;test;SAE_D3_RVH_Capitan;VH;0.3;0.4;2;votes;0.5;0.3;144;0.7262569832402234;0.7708197894809674;0.6074766355140186;0.9027777777777778;130.0;84;14;0.9027777777777778;0.3925233644859813;0.09722222222222222;0.7783457636833191;0.37725216150283813
Capitan;SEILS;test;SAE_D3_RVH_Capitan;VH;0.3;0.4;2;votes;0.5;0.3;289;0.1161524500907441;0.7019151120533709;0.12213740458015267;0.11072664359861592;32.0;230;257;0.11072664359861592;0.8778625954198473;0.889273356401384;0.023862827569246292;0.009085685946047306
Capitan;FMT_C;test;SAE_D3_RVH_Capitan;VH;0.3;0.4;2;votes;0.5;0.3;311;0;0;0.0;0.0;0.0;72;311;0.0;1.0;1.0;0.0;0.0
Capitan;Capitan;val;SAE_D3_RVH_Capitan;VH;0.3;0.4;2;votes;0.75;0.15;121;0.5675675675675677;0.802602316829808;0.6237623762376238;0.5206611570247934;63.0;38;58;0.5206611570247934;0.37623762376237624;0.4793388429752066;0.1780751496553421;0.0900193452835083
Capitan;Capitan;test;SAE_D3_RVH_Capitan;VH;0.3;0.4;2;votes;0.75;0.15;144;0.6428571428571429;0.805791487301696;0.6036585365853658;0.6875;99.0;65;45;0.6875;0.39634146341463417;0.3125;0.5283452272415161;0.30604347586631775
Capitan;SEILS;test;SAE_D3_RVH_Capitan;VH;0.3;0.4;2;votes;0.75;0.15;289;0.0606060606060606;0.6473884445374561;0.14864864864864866;0.03806228373702422;11.0;63;278;0.03806228373702422;0.8513513513513513;0.9619377162629758;0.008897677063941956;0.0024528142530471087
Capitan;FMT_C;test;SAE_D3_RVH_Capitan;VH;0.3;0.4;2;votes;0.75;0.15;311;0;0;0.0;0.0;0.0;30;311;0.0;1.0;1.0;0.0;0.0
Capitan;Capitan;val;SAE_D3_RVH_Capitan;VH;0.3;0.4;2;votes;1.0;0.15;121;0.5675675675675677;0.802602316829808;0.6237623762376238;0.5206611570247934;63.0;38;58;0.5206611570247934;0.37623762376237624;0.4793388429752066;0.1780751496553421;0.0900193452835083
Capitan;Capitan;test;SAE_D3_RVH_Capitan;VH;0.3;0.4;2;votes;1.0;0.15;144;0.6428571428571429;0.805791487301696;0.6036585365853658;0.6875;99.0;65;45;0.6875;0.39634146341463417;0.3125;0.5283452272415161;0.30604347586631775
Capitan;SEILS;test;SAE_D3_RVH_Capitan;VH;0.3;0.4;2;votes;1.0;0.15;289;0.0606060606060606;0.6473884445374561;0.14864864864864866;0.03806228373702422;11.0;63;278;0.03806228373702422;0.8513513513513513;0.9619377162629758;0.008897677063941956;0.0024528142530471087
Capitan;FMT_C;test;SAE_D3_RVH_Capitan;VH;0.3;0.4;2;votes;1.0;0.15;311;0;0;0.0;0.0;0.0;30;311;0.0;1.0;1.0;0.0;0.0
Capitan;Capitan;val;SAE_D3_RVH_Capitan;VH;0.3;0.5;2;votes;0.25;0.25;121;0.6720647773279352;0.768856858503982;0.6587301587301587;0.6859504132231405;83.0;43;38;0.6859504132231405;0.3412698412698413;0.3140495867768595;0.4017486274242401;0.16947896778583527
Capitan;Capitan;test;SAE_D3_RVH_Capitan;VH;0.3;0.5;2;votes;0.25;0.25;144;0.5738636363636364;0.7277327844885942;0.4855769230769231;0.7013888888888888;101.0;107;43;0.7013888888888888;0.5144230769230769;0.2986111111111111;0.5662480592727661;0.22745566070079803
Capitan;SEILS;test;SAE_D3_RVH_Capitan;VH;0.3;0.5;2;votes;0.25;0.25;289;0.06766917293233081;0.7350952441848139;0.07407407407407407;0.06228373702422145;18.0;225;271;0.06228373702422145;0.9259259259259259;0.9377162629757786;0.007526277098804712;0.0035752388648688793
Capitan;FMT_C;test;SAE_D3_RVH_Capitan;VH;0.3;0.5;2;votes;0.25;0.25;311;0.004301075268817204;0.7226172976838425;0.006493506493506494;0.003215434083601286;1.0;153;310;0.003215434083601286;0.9935064935064936;0.9967845659163987;4.4658805563813075e-05;6.875687540741637e-05
Capitan;Capitan;val;SAE_D3_RVH_Capitan;VH;0.3;0.5;2;votes;0.5;0.25;121;0.6720647773279352;0.768856858503982;0.6587301587301587;0.6859504132231405;83.0;43;38;0.6859504132231405;0.3412698412698413;0.3140495867768595;0.4017486274242401;0.16947896778583527
Capitan;Capitan;test;SAE_D3_RVH_Capitan;VH;0.3;0.5;2;votes;0.5;0.25;144;0.5738636363636364;0.7277327844885942;0.4855769230769231;0.7013888888888888;101.0;107;43;0.7013888888888888;0.5144230769230769;0.2986111111111111;0.5662480592727661;0.22745566070079803
Capitan;SEILS;test;SAE_D3_RVH_Capitan;VH;0.3;0.5;2;votes;0.5;0.25;289;0.06766917293233081;0.7350952441848139;0.07407407407407407;0.06228373702422145;18.0;225;271;0.06228373702422145;0.9259259259259259;0.9377162629757786;0.007526277098804712;0.0035752388648688793
Capitan;FMT_C;test;SAE_D3_RVH_Capitan;VH;0.3;0.5;2;votes;0.5;0.25;311;0.004301075268817204;0.7226172976838425;0.006493506493506494;0.003215434083601286;1.0;153;310;0.003215434083601286;0.9935064935064936;0.9967845659163987;4.4658805563813075e-05;6.875687540741637e-05
Capitan;Capitan;val;SAE_D3_RVH_Capitan;VH;0.3;0.5;2;votes;0.75;0.1;121;0.42487046632124353;0.7071393397079945;0.5694444444444444;0.33884297520661155;41.0;31;80;0.33884297520661155;0.4305555555555556;0.6611570247933884;0.08866584300994873;0.04028327390551567
Capitan;Capitan;test;SAE_D3_RVH_Capitan;VH;0.3;0.5;2;votes;0.75;0.1;144;0.4330708661417323;0.7439658768835147;0.5;0.3819444444444444;55.0;55;89;0.3819444444444444;0.5;0.6180555555555556;0.27825623750686646;0.13618718087673187
Capitan;SEILS;test;SAE_D3_RVH_Capitan;VH;0.3;0.5;2;votes;0.75;0.1;289;0.060941828254847646;0.7041499377100098;0.1527777777777778;0.03806228373702422;11.0;61;278;0.03806228373702422;0.8472222222222222;0.9619377162629758;0.007830996066331863;0.0035327929072082043
Capitan;FMT_C;test;SAE_D3_RVH_Capitan;VH;0.3;0.5;2;votes;0.75;0.1;311;0;0;0.0;0.0;0.0;29;311;0.0;1.0;1.0;0.0;0.0
Capitan;Capitan;val;SAE_D3_RVH_Capitan;VH;0.3;0.5;2;votes;1.0;0.1;121;0.42487046632124353;0.7071393397079945;0.5694444444444444;0.33884297520661155;41.0;31;80;0.33884297520661155;0.4305555555555556;0.6611570247933884;0.08866584300994873;0.04028327390551567
Capitan;Capitan;test;SAE_D3_RVH_Capitan;VH;0.3;0.5;2;votes;1.0;0.1;144;0.4330708661417323;0.7439658768835147;0.5;0.3819444444444444;55.0;55;89;0.3819444444444444;0.5;0.6180555555555556;0.27825623750686646;0.13618718087673187
Capitan;SEILS;test;SAE_D3_RVH_Capitan;VH;0.3;0.5;2;votes;1.0;0.1;289;0.060941828254847646;0.7041499377100098;0.1527777777777778;0.03806228373702422;11.0;61;278;0.03806228373702422;0.8472222222222222;0.9619377162629758;0.007830996066331863;0.0035327929072082043
Capitan;FMT_C;test;SAE_D3_RVH_Capitan;VH;0.3;0.5;2;votes;1.0;0.1;311;0;0;0.0;0.0;0.0;29;311;0.0;1.0;1.0;0.0;0.0
Capitan;Capitan;val;SAE_D3_RVH_Capitan;VH;0.3;0.1;5;votes;0.25;0.7;121;0.9917355371900827;0.867860553580775;0.9917355371900827;0.9917355371900827;120.0;1;1;0.9917355371900827;0.008264462809917356;0.008264462809917356;0.953456699848175;0.6094086766242981
Capitan;Capitan;test;SAE_D3_RVH_Capitan;VH;0.3;0.1;5;votes;0.25;0.7;144;0.976271186440678;0.8589027125951543;0.9536423841059603;1.0;144.0;7;0;1.0;0.046357615894039736;0.0;0.9898446202278137;0.7118842005729675
Capitan;SEILS;test;SAE_D3_RVH_Capitan;VH;0.3;0.1;5;votes;0.25;0.7;289;0.35174418604651164;0.7291804710098143;0.3032581453634085;0.4186851211072664;121.0;278;168;0.4186851211072664;0.6967418546365914;0.5813148788927336;0.1628282368183136;0.06515197455883026
Capitan;FMT_C;test;SAE_D3_RVH_Capitan;VH;0.3;0.1;5;votes;0.25;0.7;311;0;0;0.0;0.0;0.0;1;311;0.0;1.0;1.0;0.0;0.0
Capitan;Capitan;val;SAE_D3_RVH_Capitan;VH;0.3;0.1;5;votes;0.5;0.6;121;0.9876543209876544;0.8641944327534468;0.9836065573770492;0.9917355371900827;120.0;2;1;0.9917355371900827;0.01639344262295082;0.008264462809917356;0.9537774920463562;0.6267296671867371
Capitan;Capitan;test;SAE_D3_RVH_Capitan;VH;0.3;0.1;5;votes;0.5;0.6;144;0.976271186440678;0.8568210357447239;0.9536423841059603;1.0;144.0;7;0;1.0;0.046357615894039736;0.0;0.9882874488830566;0.7137700915336609
Capitan;SEILS;test;SAE_D3_RVH_Capitan;VH;0.3;0.1;5;votes;0.5;0.6;289;0.3008595988538682;0.7196390693965159;0.2567237163814181;0.3633217993079585;105.0;304;184;0.3633217993079585;0.7432762836185819;0.6366782006920415;0.1268932819366455;0.04725880175828934
Capitan;FMT_C;test;SAE_D3_RVH_Capitan;VH;0.3;0.1;5;votes;0.5;0.6;311;0;0;0.0;0.0;0.0;2;311;0.0;1.0;1.0;0.0;0.0
Capitan;Capitan;val;SAE_D3_RVH_Capitan;VH;0.3;0.1;5;votes;0.75;0.65;121;0.9875518672199171;0.8694460992926948;0.9916666666666667;0.9834710743801653;119.0;1;2;0.9834710743801653;0.008333333333333333;0.01652892561983471;0.9302007555961609;0.617875337600708
Capitan;Capitan;test;SAE_D3_RVH_Capitan;VH;0.3;0.1;5;votes;0.75;0.65;144;0.9659863945578231;0.8644131824980524;0.9466666666666667;0.9861111111111112;142.0;8;2;0.9861111111111112;0.05333333333333334;0.013888888888888888;0.9416095614433289;0.6850942969322205
Capitan;SEILS;test;SAE_D3_RVH_Capitan;VH;0.3;0.1;5;votes;0.75;0.65;289;0.20723684210526316;0.7182712522759787;0.1974921630094044;0.2179930795847751;63.0;256;226;0.2179930795847751;0.8025078369905956;0.7820069204152249;0.06109718978404999;0.023166025057435036
Capitan;FMT_C;test;SAE_D3_RVH_Capitan;VH;0.3;0.1;5;votes;0.75;0.65;311;0;0;0.0;0.0;0.0;1;311;0.0;1.0;1.0;0.0;0.0
Capitan;Capitan;val;SAE_D3_RVH_Capitan;VH;0.3;0.1;5;votes;1.0;0.5;121;0.9834710743801653;0.8665480950354155;0.9834710743801653;0.9834710743801653;119.0;2;2;0.9834710743801653;0.01652892561983471;0.01652892561983471;0.8886147737503052;0.5768763422966003
Capitan;Capitan;test;SAE_D3_RVH_Capitan;VH;0.3;0.1;5;votes;1.0;0.5;144;0.9726027397260274;0.863290411794358;0.9594594594594594;0.9861111111111112;142.0;6;2;0.9861111111111112;0.04054054054054054;0.013888888888888888;0.959045946598053;0.6975846886634827
Capitan;SEILS;test;SAE_D3_RVH_Capitan;VH;0.3;0.1;5;votes;1.0;0.5;289;0.15037593984962405;0.6728308246891255;0.1646090534979424;0.1384083044982699;40.0;203;249;0.1384083044982699;0.8353909465020576;0.8615916955017301;0.030021976679563522;0.008834891021251678
Capitan;FMT_C;test;SAE_D3_RVH_Capitan;VH;0.3;0.1;5;votes;1.0;0.5;311;0;0;0.0;0.0;0.0;0;311;0.0;0.0;1.0;0.0;0.0
Capitan;Capitan;val;SAE_D3_RVH_Capitan;VH;0.3;0.2;5;votes;0.25;0.65;121;0.979591836734694;0.8611051952295926;0.967741935483871;0.9917355371900827;120.0;4;1;0.9917355371900827;0.03225806451612903;0.008264462809917356;0.9399625062942505;0.6073428392410278
Capitan;Capitan;test;SAE_D3_RVH_Capitan;VH;0.3;0.2;5;votes;0.25;0.65;144;0.9565217391304348;0.8603205485822831;0.9225806451612903;0.9930555555555556;143.0;12;1;0.9930555555555556;0.07741935483870968;0.006944444444444444;0.9701547026634216;0.6995092630386353
Capitan;SEILS;test;SAE_D3_RVH_Capitan;VH;0.3;0.2;5;votes;0.25;0.65;289;0.202682563338301;0.7147055661107212;0.17801047120418848;0.23529411764705882;68.0;314;221;0.23529411764705882;0.8219895287958116;0.7647058823529411;0.05903671309351921;0.021955152973532677
Capitan;FMT_C;test;SAE_D3_RVH_Capitan;VH;0.3;0.2;5;votes;0.25;0.65;311;0;0;0.0;0.0;0.0;3;311;0.0;1.0;1.0;0.0;0.0
Capitan;Capitan;val;SAE_D3_RVH_Capitan;VH;0.3;0.2;5;votes;0.5;0.6;121;0.9754098360655739;0.8649220645395176;0.967479674796748;0.9834710743801653;119.0;4;2;0.9834710743801653;0.032520325203252036;0.01652892561983471;0.9279323816299438;0.6188627481460571
Capitan;Capitan;test;SAE_D3_RVH_Capitan;VH;0.3;0.2;5;votes;0.5;0.6;144;0.9761092150170648;0.865989411709375;0.959731543624161;0.9930555555555556;143.0;6;1;0.9930555555555556;0.040268456375838924;0.006944444444444444;0.9724796414375305;0.7145880460739136
Capitan;SEILS;test;SAE_D3_RVH_Capitan;VH;0.3;0.2;5;votes;0.5;0.6;289;0.13627254509018036;0.7025636713492788;0.1619047619047619;0.11764705882352941;34.0;176;255;0.11764705882352941;0.8380952380952381;0.8823529411764706;0.026563208550214767;0.009824964217841625
Capitan;FMT_C;test;SAE_D3_RVH_Capitan;VH;0.3;0.2;5;votes;0.5;0.6;311;0;0;0.0;0.0;0.0;1;311;0.0;1.0;1.0;0.0;0.0
Capitan;Capitan;val;SAE_D3_RVH_Capitan;VH;0.3;0.2;5;votes;0.75;0.3;121;0.9794238683127573;0.8634850634536122;0.9754098360655737;0.9834710743801653;119.0;3;2;0.9834710743801653;0.02459016393442623;0.01652892561983471;0.8637790083885193;0.5744515657424927
Capitan;Capitan;test;SAE_D3_RVH_Capitan;VH;0.3;0.2;5;votes;0.75;0.3;144;0.9536423841059603;0.8516818493455791;0.9113924050632911;1.0;144.0;14;0;1.0;0.08860759493670886;0.0;0.9865592122077942;0.6957430839538574
Capitan;SEILS;test;SAE_D3_RVH_Capitan;VH;0.3;0.2;5;votes;0.75;0.3;289;0.07567567567567567;0.6919936599940955;0.07894736842105263;0.0726643598615917;21.0;245;268;0.0726643598615917;0.9210526315789473;0.9273356401384083;0.011723850853741169;0.004084690473973751
Capitan;FMT_C;test;SAE_D3_RVH_Capitan;VH;0.3;0.2;5;votes;0.75;0.3;311;0;0;0.0;0.0;0.0;2;311;0.0;1.0;1.0;0.0;0.0
Capitan;Capitan;val;SAE_D3_RVH_Capitan;VH;0.3;0.2;5;votes;1.0;0.1;121;0.9714285714285714;0.8492120958396654;0.9596774193548387;0.9834710743801653;119.0;5;2;0.9834710743801653;0.04032258064516129;0.01652892561983471;0.6846616268157959;0.4187093675136566
Capitan;Capitan;test;SAE_D3_RVH_Capitan;VH;0.3;0.2;5;votes;1.0;0.1;144;0.9311475409836065;0.8305700135686098;0.8819875776397516;0.9861111111111112;142.0;19;2;0.9861111111111112;0.11801242236024845;0.013888888888888888;0.9670819044113159;0.62816321849823
Capitan;SEILS;test;SAE_D3_RVH_Capitan;VH;0.3;0.2;5;votes;1.0;0.1;289;0.05894736842105262;0.7246628402407614;0.07526881720430108;0.04844290657439446;14.0;172;275;0.04844290657439446;0.9247311827956989;0.9515570934256056;0.006101265083998442;0.0035532419569790363
Capitan;FMT_C;test;SAE_D3_RVH_Capitan;VH;0.3;0.2;5;votes;1.0;0.1;311;0;0;0.0;0.0;0.0;7;311;0.0;1.0;1.0;0.0;0.0
Capitan;Capitan;val;SAE_D3_RVH_Capitan;VH;0.3;0.3;5;votes;0.25;0.55;121;0.979591836734694;0.8614407675609862;0.967741935483871;0.9917355371900827;120.0;4;1;0.9917355371900827;0.03225806451612903;0.008264462809917356;0.9348296523094177;0.5967097282409668
Capitan;Capitan;test;SAE_D3_RVH_Capitan;VH;0.3;0.3;5;votes;0.25;0.55;144;0.963210702341137;0.847644093641509;0.9290322580645162;1.0;144.0;11;0;1.0;0.07096774193548387;0.0;0.9789863228797913;0.6745079755783081
Capitan;SEILS;test;SAE_D3_RVH_Capitan;VH;0.3;0.3;5;votes;0.25;0.55;289;0.15920398009950248;0.6932166101446858;0.15286624203821655;0.16608996539792387;48.0;266;241;0.16608996539792387;0.8471337579617835;0.8339100346020761;0.039783064275979996;0.013750937767326832
Capitan;FMT_C;test;SAE_D3_RVH_Capitan;VH;0.3;0.3;5;votes;0.25;0.55;311;0;0;0.0;0.0;0.0;11;311;0.0;1.0;1.0;0.0;0.0
Capitan;Capitan;val;SAE_D3_RVH_Capitan;VH;0.3;0.3;5;votes;0.5;0.25;121;0.97165991902834;0.8521430209652443;0.9523809523809523;0.9917355371900827;120.0;6;1;0.9917355371900827;0.047619047619047616;0.008264462809917356;0.8557097911834717;0.5418628454208374
Capitan;Capitan;test;SAE_D3_RVH_Capitan;VH;0.3;0.3;5;votes;0.5;0.25;144;0.9320388349514563;0.8472977491385614;0.8727272727272727;1.0;144.0;21;0;1.0;0.12727272727272726;0.0;0.9637921452522278;0.6687585711479187
Capitan;SEILS;test;SAE_D3_RVH_Capitan;VH;0.3;0.3;5;votes;0.5;0.25;289;0.11978221415607986;0.6802123407824986;0.12595419847328243;0.11418685121107267;33.0;229;256;0.11418685121107267;0.8740458015267175;0.8858131487889274;0.024391328915953636;0.008412586525082588
Capitan;FMT_C;test;SAE_D3_RVH_Capitan;VH;0.3;0.3;5;votes;0.5;0.25;311;0;0;0.0;0.0;0.0;9;311;0.0;1.0;1.0;0.0;0.0
Capitan;Capitan;val;SAE_D3_RVH_Capitan;VH;0.3;0.3;5;votes;0.75;0.1;121;0.9714285714285714;0.8408390374133163;0.9596774193548387;0.9834710743801653;119.0;5;2;0.9834710743801653;0.04032258064516129;0.01652892561983471;0.5895809531211853;0.35429391264915466
Capitan;Capitan;test;SAE_D3_RVH_Capitan;VH;0.3;0.3;5;votes;0.75;0.1;144;0.9220779220779222;0.8332624479092495;0.8658536585365854;0.9861111111111112;142.0;22;2;0.9861111111111112;0.13414634146341464;0.013888888888888888;0.9547743201255798;0.6128890514373779
Capitan;SEILS;test;SAE_D3_RVH_Capitan;VH;0.3;0.3;5;votes;0.75;0.1;289;0.034782608695652174;0.7148591758164213;0.04678362573099415;0.02768166089965398;8.0;163;281;0.02768166089965398;0.9532163742690059;0.972318339100346;0.003550655907019973;0.002432340756058693
Capitan;FMT_C;test;SAE_D3_RVH_Capitan;VH;0.3;0.3;5;votes;0.75;0.1;311;0;0;0.0;0.0;0.0;12;311;0.0;1.0;1.0;0.0;0.0
Capitan;Capitan;val;SAE_D3_RVH_Capitan;VH;0.3;0.3;5;votes;1.0;0.1;121;0.879032258064516;0.8331715781926178;0.8582677165354331;0.9008264462809917;109.0;18;12;0.9008264462809917;0.14173228346456693;0.09917355371900827;0.26738813519477844;0.15322254598140717
Capitan;Capitan;test;SAE_D3_RVH_Capitan;VH;0.3;0.3;5;votes;1.0;0.1;144;0.645367412140575;0.8116991422777713;0.5976331360946746;0.7013888888888888;101.0;68;43;0.7013888888888888;0.40236686390532544;0.2986111111111111;0.4522051513195038;0.27010953426361084
Capitan;SEILS;test;SAE_D3_RVH_Capitan;VH;0.3;0.3;5;votes;1.0;0.1;289;0.03625377643504532;0.6478656956609987;0.14285714285714285;0.020761245674740483;6.0;36;283;0.020761245674740483;0.8571428571428571;0.9792387543252595;0.004456415772438049;0.0017730535473674536
Capitan;FMT_C;test;SAE_D3_RVH_Capitan;VH;0.3;0.3;5;votes;1.0;0.1;311;0;0;0.0;0.0;0.0;2;311;0.0;1.0;1.0;0.0;0.0
Capitan;Capitan;val;SAE_D3_RVH_Capitan;VH;0.3;0.4;5;votes;0.25;0.3;121;0.9411764705882352;0.8328017600188541;0.8955223880597015;0.9917355371900827;120.0;14;1;0.9917355371900827;0.1044776119402985;0.008264462809917356;0.7876479625701904;0.4682086110115051
Capitan;Capitan;test;SAE_D3_RVH_Capitan;VH;0.3;0.4;5;votes;0.25;0.3;144;0.8553459119496855;0.8220325653394551;0.7816091954022989;0.9444444444444444;136.0;38;8;0.9444444444444444;0.21839080459770116;0.05555555555555555;0.8765741586685181;0.5514479875564575
Capitan;SEILS;test;SAE_D3_RVH_Capitan;VH;0.3;0.4;5;votes;0.25;0.3;289;0.14960629921259838;0.7358123232771693;0.1735159817351598;0.1314878892733564;38.0;181;251;0.1314878892733564;0.8264840182648402;0.8685121107266436;0.046613700687885284;0.01888934336602688
Capitan;FMT_C;test;SAE_D3_RVH_Capitan;VH;0.3;0.4;5;votes;0.25;0.3;311;0;0;0.0;0.0;0.0;31;311;0.0;1.0;1.0;0.0;0.0
Capitan;Capitan;val;SAE_D3_RVH_Capitan;VH;0.3;0.4;5;votes;0.5;0.1;121;0.9322709163346614;0.8414391331779139;0.9;0.9669421487603306;117.0;13;4;0.9669421487603306;0.1;0.03305785123966942;0.5564751625061035;0.31418687105178833
Capitan;Capitan;test;SAE_D3_RVH_Capitan;VH;0.3;0.4;5;votes;0.5;0.1;144;0.7863777089783283;0.8300726146602107;0.7094972067039106;0.8819444444444444;127.0;52;17;0.8819444444444444;0.2905027932960894;0.11805555555555555;0.7549577355384827;0.48265761137008667
Capitan;SEILS;test;SAE_D3_RVH_Capitan;VH;0.3;0.4;5;votes;0.5;0.1;289;0.041379310344827586;0.6386477377162535;0.06164383561643835;0.031141868512110725;9.0;137;280;0.031141868512110725;0.9383561643835616;0.9688581314878892;0.006323900539427996;0.0021391587797552347
Capitan;FMT_C;test;SAE_D3_RVH_Capitan;VH;0.3;0.4;5;votes;0.5;0.1;311;0;0;0.0;0.0;0.0;66;311;0.0;1.0;1.0;0.0;0.0
Capitan;Capitan;val;SAE_D3_RVH_Capitan;VH;0.3;0.4;5;votes;0.75;0.1;121;0.7857142857142857;0.8016637822656953;0.7557251908396947;0.8181818181818182;99.0;32;22;0.8181818181818182;0.24427480916030533;0.18181818181818182;0.17269644141197205;0.07831443846225739
Capitan;Capitan;test;SAE_D3_RVH_Capitan;VH;0.3;0.4;5;votes;0.75;0.1;144;0.5968253968253968;0.8098912731964238;0.5497076023391813;0.6527777777777778;94.0;77;50;0.6527777777777778;0.4502923976608187;0.3472222222222222;0.4768955707550049;0.26037290692329407
Capitan;SEILS;test;SAE_D3_RVH_Capitan;VH;0.3;0.4;5;votes;0.75;0.1;289;0;0;0.0;0.0;0.0;33;289;0.0;1.0;1.0;0.0;0.0
Capitan;FMT_C;test;SAE_D3_RVH_Capitan;VH;0.3;0.4;5;votes;0.75;0.1;311;0;0;0.0;0.0;0.0;9;311;0.0;1.0;1.0;0.0;0.0
Capitan;Capitan;val;SAE_D3_RVH_Capitan;VH;0.3;0.4;5;votes;1.0;0.1;121;0.2213740458015267;0.6551452499241204;0.20567375886524822;0.2396694214876033;29.0;112;92;0.2396694214876033;0.7943262411347518;0.7603305785123967;0.007078643888235092;0.0020646187476813793
Capitan;Capitan;test;SAE_D3_RVH_Capitan;VH;0.3;0.4;5;votes;1.0;0.1;144;0.3373493975903615;0.7478242967421328;0.4;0.2916666666666667;42.0;63;102;0.2916666666666667;0.6;0.7083333333333334;0.14633040130138397;0.0611736886203289
Capitan;SEILS;test;SAE_D3_RVH_Capitan;VH;0.3;0.4;5;votes;1.0;0.1;289;0;0;0.0;0.0;0.0;2;289;0.0;1.0;1.0;0.0;0.0
Capitan;FMT_C;test;SAE_D3_RVH_Capitan;VH;0.3;0.4;5;votes;1.0;0.1;311;0;0;0.0;0.0;0.0;0;311;0.0;0.0;1.0;0.0;0.0
Capitan;Capitan;val;SAE_D3_RVH_Capitan;VH;0.3;0.5;5;votes;0.25;0.1;121;0.6923076923076923;0.7741935185008235;0.6;0.8181818181818182;99.0;66;22;0.8181818181818182;0.4;0.18181818181818182;0.3391790986061096;0.16205009818077087
Capitan;Capitan;test;SAE_D3_RVH_Capitan;VH;0.3;0.5;5;votes;0.25;0.1;144;0.7977207977207977;0.8058532320557993;0.6763285024154589;0.9722222222222222;140.0;67;4;0.9722222222222222;0.32367149758454106;0.027777777777777776;0.8427809476852417;0.49284297227859497
Capitan;SEILS;test;SAE_D3_RVH_Capitan;VH;0.3;0.5;5;votes;0.25;0.1;289;0.08743169398907104;0.6515004694753426;0.09230769230769231;0.08304498269896193;24.0;236;265;0.08304498269896193;0.9076923076923077;0.916955017301038;0.016491994261741638;0.005323848687112331
Capitan;FMT_C;test;SAE_D3_RVH_Capitan;VH;0.3;0.5;5;votes;0.25;0.1;311;0.008908685968819599;0.6790220719449835;0.014492753623188406;0.006430868167202572;2.0;136;309;0.006430868167202572;0.9855072463768116;0.9935691318327974;0.0004019292537122965;0.00021597747399937361
Capitan;Capitan;val;SAE_D3_RVH_Capitan;VH;0.3;0.5;5;votes;0.5;0.15;121;0.5289256198347108;0.7941647614160101;0.5289256198347108;0.5289256198347108;64.0;57;57;0.5289256198347108;0.47107438016528924;0.47107438016528924;0.13608984649181366;0.059260837733745575
Capitan;Capitan;test;SAE_D3_RVH_Capitan;VH;0.3;0.5;5;votes;0.5;0.15;144;0.5741935483870968;0.785331155213271;0.536144578313253;0.6180555555555556;89.0;77;55;0.6180555555555556;0.463855421686747;0.3819444444444444;0.44629737734794617;0.2396143674850464
Capitan;SEILS;test;SAE_D3_RVH_Capitan;VH;0.3;0.5;5;votes;0.5;0.15;289;0.03966005665722379;0.6514846329176509;0.109375;0.02422145328719723;7.0;57;282;0.02422145328719723;0.890625;0.9757785467128027;0.007980172522366047;0.0052442243322730064
Capitan;FMT_C;test;SAE_D3_RVH_Capitan;VH;0.3;0.5;5;votes;0.5;0.15;311;0;0;0.0;0.0;0.0;13;311;0.0;1.0;1.0;0.0;0.0
Capitan;Capitan;val;SAE_D3_RVH_Capitan;VH;0.3;0.5;5;votes;0.75;0.1;121;0.19101123595505617;0.6841000988288419;0.2982456140350877;0.14049586776859505;17.0;40;104;0.14049586776859505;0.7017543859649122;0.859504132231405;0.005272980313748121;0.0018694971222430468
Capitan;Capitan;test;SAE_D3_RVH_Capitan;VH;0.3;0.5;5;votes;0.75;0.1;144;0.19090909090909094;0.6949201745455535;0.27631578947368424;0.14583333333333334;21.0;55;123;0.14583333333333334;0.7236842105263158;0.8541666666666666;0.06346205621957779;0.024492932483553886
Capitan;SEILS;test;SAE_D3_RVH_Capitan;VH;0.3;0.5;5;votes;0.75;0.1;289;0;0;0.0;0.0;0.0;1;289;0.0;1.0;1.0;0.0;0.0
Capitan;FMT_C;test;SAE_D3_RVH_Capitan;VH;0.3;0.5;5;votes;0.75;0.1;311;0;0;0.0;0.0;0.0;1;311;0.0;1.0;1.0;0.0;0.0
Capitan;Capitan;val;SAE_D3_RVH_Capitan;VH;0.3;0.5;5;votes;1.0;0.1;121;0.014492753623188406;0.5691360328419481;0.058823529411764705;0.008264462809917356;1.0;16;120;0.008264462809917356;0.9411764705882353;0.9917355371900827;2.558657251938712e-05;0.00010422094783280045
Capitan;Capitan;test;SAE_D3_RVH_Capitan;VH;0.3;0.5;5;votes;1.0;0.1;144;0;0;0.0;0.0;0.0;13;144;0.0;1.0;1.0;0.0;0.0
Capitan;SEILS;test;SAE_D3_RVH_Capitan;VH;0.3;0.5;5;votes;1.0;0.1;289;0;0;0.0;0.0;0.0;0;289;0.0;0.0;1.0;0.0;0.0
Capitan;FMT_C;test;SAE_D3_RVH_Capitan;VH;0.3;0.5;5;votes;1.0;0.1;311;0;0;0.0;0.0;0.0;0;311;0.0;0.0;1.0;0.0;0.0
Capitan;Capitan;val;SAE_D3_RVH_Capitan;VH;0.3;0.1;25;votes;0.25;0.7;121;0.9876543209876544;0.8683436513767453;0.9836065573770492;0.9917355371900827;120.0;2;1;0.9917355371900827;0.01639344262295082;0.008264462809917356;0.9388461112976074;0.6001014113426208
Capitan;Capitan;test;SAE_D3_RVH_Capitan;VH;0.3;0.1;25;votes;0.25;0.7;144;0.9863013698630138;0.86145170666028;0.972972972972973;1.0;144.0;4;0;1.0;0.02702702702702703;0.0;0.989559531211853;0.7214949131011963
Capitan;SEILS;test;SAE_D3_RVH_Capitan;VH;0.3;0.1;25;votes;0.25;0.7;289;0.47919655667144906;0.7553586259934799;0.40931372549019607;0.5778546712802768;167.0;241;122;0.5778546712802768;0.5906862745098039;0.42214532871972316;0.29387426376342773;0.13620761036872864
Capitan;FMT_C;test;SAE_D3_RVH_Capitan;VH;0.3;0.1;25;votes;0.25;0.7;311;0;0;0.0;0.0;0.0;1;311;0.0;1.0;1.0;0.0;0.0
Capitan;Capitan;val;SAE_D3_RVH_Capitan;VH;0.3;0.1;25;votes;0.5;0.7;121;0.9875518672199171;0.8729655535990333;0.9916666666666667;0.9834710743801653;119.0;1;2;0.9834710743801653;0.008333333333333333;0.01652892561983471;0.9412910342216492;0.6208381652832031
Capitan;Capitan;test;SAE_D3_RVH_Capitan;VH;0.3;0.1;25;votes;0.5;0.7;144;0.9828178694158075;0.8679632745105416;0.9727891156462585;0.9930555555555556;143.0;4;1;0.9930555555555556;0.027210884353741496;0.006944444444444444;0.9902794361114502;0.7317050695419312
Capitan;SEILS;test;SAE_D3_RVH_Capitan;VH;0.3;0.1;25;votes;0.5;0.7;289;0.3465909090909091;0.7115563336921952;0.29397590361445786;0.42214532871972316;122.0;293;167;0.42214532871972316;0.7060240963855422;0.5778546712802768;0.1559375673532486;0.0592951700091362
Capitan;FMT_C;test;SAE_D3_RVH_Capitan;VH;0.3;0.1;25;votes;0.5;0.7;311;0;0;0.0;0.0;0.0;0;311;0.0;0.0;1.0;0.0;0.0
Capitan;Capitan;val;SAE_D3_RVH_Capitan;VH;0.3;0.1;25;votes;0.75;0.5;121;0.9794238683127573;0.8724701354737872;0.9754098360655737;0.9834710743801653;119.0;3;2;0.9834710743801653;0.02459016393442623;0.01652892561983471;0.9123725295066833;0.6085228323936462
Capitan;Capitan;test;SAE_D3_RVH_Capitan;VH;0.3;0.1;25;votes;0.75;0.5;144;0.9829351535836178;0.8637633378098993;0.9664429530201343;1.0;144.0;5;0;1.0;0.03355704697986577;0.0;0.9885652661323547;0.7278942465782166
Capitan;SEILS;test;SAE_D3_RVH_Capitan;VH;0.3;0.1;25;votes;0.75;0.5;289;0.1686046511627907;0.7008127749087444;0.14536340852130325;0.20069204152249134;58.0;341;231;0.20069204152249134;0.8546365914786967;0.7993079584775087;0.04224580526351929;0.014563396573066711
Capitan;FMT_C;test;SAE_D3_RVH_Capitan;VH;0.3;0.1;25;votes;0.75;0.5;311;0;0;0.0;0.0;0.0;1;311;0.0;1.0;1.0;0.0;0.0
Capitan;Capitan;val;SAE_D3_RVH_Capitan;VH;0.3;0.1;25;votes;1.0;0.15;121;0.9714285714285714;0.8527084286681731;0.9596774193548387;0.9834710743801653;119.0;5;2;0.9834710743801653;0.04032258064516129;0.01652892561983471;0.7778914570808411;0.4852782189846039
Capitan;Capitan;test;SAE_D3_RVH_Capitan;VH;0.3;0.1;25;votes;1.0;0.15;144;0.972972972972973;0.8427851119012195;0.9473684210526315;1.0;144.0;8;0;1.0;0.05263157894736842;0.0;0.9886114001274109;0.6756998896598816
Capitan;SEILS;test;SAE_D3_RVH_Capitan;VH;0.3;0.1;25;votes;1.0;0.15;289;0.08273381294964029;0.6351521851248053;0.08614232209737828;0.07958477508650519;23.0;244;266;0.07958477508650519;0.9138576779026217;0.9204152249134948;0.00979466550052166;0.002554088132455945
Capitan;FMT_C;test;SAE_D3_RVH_Capitan;VH;0.3;0.1;25;votes;1.0;0.15;311;0;0;0.0;0.0;0.0;0;311;0.0;0.0;1.0;0.0;0.0
Capitan;Capitan;val;SAE_D3_RVH_Capitan;VH;0.3;0.2;25;votes;0.25;0.75;121;0.9875518672199171;0.8678994636942456;0.9916666666666667;0.9834710743801653;119.0;1;2;0.9834710743801653;0.008333333333333333;0.01652892561983471;0.9476971626281738;0.618552565574646
Capitan;Capitan;test;SAE_D3_RVH_Capitan;VH;0.3;0.2;25;votes;0.25;0.75;144;0.9896907216494846;0.8623419272196935;0.9795918367346939;1.0;144.0;3;0;1.0;0.02040816326530612;0.0;0.9920019507408142;0.728343665599823
Capitan;SEILS;test;SAE_D3_RVH_Capitan;VH;0.3;0.2;25;votes;0.25;0.75;289;0.36056338028169016;0.7277662883676556;0.30403800475059384;0.4429065743944637;128.0;293;161;0.4429065743944637;0.6959619952494062;0.5570934256055363;0.19220620393753052;0.07529318332672119
Capitan;FMT_C;test;SAE_D3_RVH_Capitan;VH;0.3;0.2;25;votes;0.25;0.75;311;0;0;0.0;0.0;0.0;1;311;0.0;1.0;1.0;0.0;0.0
Capitan;Capitan;val;SAE_D3_RVH_Capitan;VH;0.3;0.2;25;votes;0.5;0.6;121;0.9834710743801653;0.8716684656867504;0.9834710743801653;0.9834710743801653;119.0;2;2;0.9834710743801653;0.01652892561983471;0.01652892561983471;0.9182922840118408;0.61383455991745
Capitan;Capitan;test;SAE_D3_RVH_Capitan;VH;0.3;0.2;25;votes;0.5;0.6;144;0.9863013698630138;0.8655882026449923;0.972972972972973;1.0;144.0;4;0;1.0;0.02702702702702703;0.0;0.9903410077095032;0.7309321165084839
Capitan;SEILS;test;SAE_D3_RVH_Capitan;VH;0.3;0.2;25;votes;0.5;0.6;289;0.13829787234042554;0.6962599917376888;0.14181818181818182;0.13494809688581316;39.0;236;250;0.13494809688581316;0.8581818181818182;0.8650519031141869;0.029463639482855797;0.01054980419576168
Capitan;FMT_C;test;SAE_D3_RVH_Capitan;VH;0.3;0.2;25;votes;0.5;0.6;311;0;0;0.0;0.0;0.0;1;311;0.0;1.0;1.0;0.0;0.0
Capitan;Capitan;val;SAE_D3_RVH_Capitan;VH;0.3;0.2;25;votes;0.75;0.45;121;0.9834710743801653;0.8696700795159689;0.9834710743801653;0.9834710743801653;119.0;2;2;0.9834710743801653;0.01652892561983471;0.01652892561983471;0.8307819366455078;0.5367220640182495
Capitan;Capitan;test;SAE_D3_RVH_Capitan;VH;0.3;0.2;25;votes;0.75;0.45;144;0.9896907216494846;0.865296023811807;0.9795918367346939;1.0;144.0;3;0;1.0;0.02040816326530612;0.0;0.9832021594047546;0.7200216054916382
Capitan;SEILS;test;SAE_D3_RVH_Capitan;VH;0.3;0.2;25;votes;0.75;0.45;289;0.03116883116883117;0.6518364446518795;0.0625;0.020761245674740483;6.0;90;283;0.020761245674740483;0.9375;0.9792387543252595;0.002191662322729826;0.0010131627786904573
Capitan;FMT_C;test;SAE_D3_RVH_Capitan;VH;0.3;0.2;25;votes;0.75;0.45;311;0;0;0.0;0.0;0.0;1;311;0.0;1.0;1.0;0.0;0.0
Capitan;Capitan;val;SAE_D3_RVH_Capitan;VH;0.3;0.2;25;votes;1.0;0.1;121;0.9359999999999999;0.8474468974432209;0.9069767441860465;0.9669421487603306;117.0;12;4;0.9669421487603306;0.09302325581395349;0.03305785123966942;0.3286990523338318;0.17784252762794495
Capitan;Capitan;test;SAE_D3_RVH_Capitan;VH;0.3;0.2;25;votes;1.0;0.1;144;0.9006622516556292;0.8524898983057817;0.8607594936708861;0.9444444444444444;136.0;22;8;0.9444444444444444;0.13924050632911392;0.05555555555555555;0.8516044616699219;0.5899598002433777
Capitan;SEILS;test;SAE_D3_RVH_Capitan;VH;0.3;0.2;25;votes;1.0;0.1;289;0;0;0.0;0.0;0.0;21;289;0.0;1.0;1.0;0.0;0.0
Capitan;FMT_C;test;SAE_D3_RVH_Capitan;VH;0.3;0.2;25;votes;1.0;0.1;311;0;0;0.0;0.0;0.0;1;311;0.0;1.0;1.0;0.0;0.0
Capitan;Capitan;val;SAE_D3_RVH_Capitan;VH;0.3;0.3;25;votes;0.25;0.7;121;0.9834710743801653;0.8657030317141265;0.9834710743801653;0.9834710743801653;119.0;2;2;0.9834710743801653;0.01652892561983471;0.01652892561983471;0.9207528829574585;0.6103633046150208
Capitan;Capitan;test;SAE_D3_RVH_Capitan;VH;0.3;0.3;25;votes;0.25;0.7;144;0.9795918367346939;0.8657748431529776;0.96;1.0;144.0;6;0;1.0;0.04;0.0;0.9906023740768433;0.7320631146430969
Capitan;SEILS;test;SAE_D3_RVH_Capitan;VH;0.3;0.3;25;votes;0.25;0.7;289;0.2015037593984962;0.7340169862553352;0.17819148936170212;0.23183391003460208;67.0;309;222;0.23183391003460208;0.8218085106382979;0.7681660899653979;0.06625895947217941;0.026839200407266617
Capitan;FMT_C;test;SAE_D3_RVH_Capitan;VH;0.3;0.3;25;votes;0.25;0.7;311;0;0;0.0;0.0;0.0;1;311;0.0;1.0;1.0;0.0;0.0
Capitan;Capitan;val;SAE_D3_RVH_Capitan;VH;0.3;0.3;25;votes;0.5;0.35;121;0.9794238683127573;0.8761684876669654;0.9754098360655737;0.9834710743801653;119.0;3;2;0.9834710743801653;0.02459016393442623;0.01652892561983471;0.8554995059967041;0.5490116477012634
Capitan;Capitan;test;SAE_D3_RVH_Capitan;VH;0.3;0.3;25;votes;0.5;0.35;144;0.972972972972973;0.8678084963521824;0.9473684210526315;1.0;144.0;8;0;1.0;0.05263157894736842;0.0;0.9915292859077454;0.7353631258010864
Capitan;SEILS;test;SAE_D3_RVH_Capitan;VH;0.3;0.3;25;votes;0.5;0.35;289;0.0967032967032967;0.6797887221125761;0.13253012048192772;0.07612456747404844;22.0;144;267;0.07612456747404844;0.8674698795180723;0.9238754325259516;0.019776668399572372;0.00666761165484786
Capitan;FMT_C;test;SAE_D3_RVH_Capitan;VH;0.3;0.3;25;votes;0.5;0.35;311;0;0;0.0;0.0;0.0;1;311;0.0;1.0;1.0;0.0;0.0
Capitan;Capitan;val;SAE_D3_RVH_Capitan;VH;0.3;0.3;25;votes;0.75;0.15;121;0.9875518672199171;0.8740260005727682;0.9916666666666667;0.9834710743801653;119.0;1;2;0.9834710743801653;0.008333333333333333;0.01652892561983471;0.5432917475700378;0.3050432801246643
Capitan;Capitan;test;SAE_D3_RVH_Capitan;VH;0.3;0.3;25;votes;0.75;0.15;144;0.9829351535836178;0.8657567948185263;0.9664429530201343;1.0;144.0;5;0;1.0;0.03355704697986577;0.0;0.9913327097892761;0.7323371171951294
Capitan;SEILS;test;SAE_D3_RVH_Capitan;VH;0.3;0.3;25;votes;0.75;0.15;289;0.005952380952380952;0.8658086580865809;0.02127659574468085;0.0034602076124567475;1.0;46;288;0.0034602076124567475;0.9787234042553191;0.9965397923875432;0.0003145643277093768;0.0007200720137916505
Capitan;FMT_C;test;SAE_D3_RVH_Capitan;VH;0.3;0.3;25;votes;0.75;0.15;311;0;0;0.0;0.0;0.0;1;311;0.0;1.0;1.0;0.0;0.0
Capitan;Capitan;val;SAE_D3_RVH_Capitan;VH;0.3;0.3;25;votes;1.0;0.1;121;0.3173431734317343;0.7707216490424748;0.2866666666666667;0.35537190082644626;43.0;107;78;0.35537190082644626;0.7133333333333334;0.6446280991735537;0.02259029820561409;0.009466546587646008
Capitan;Capitan;test;SAE_D3_RVH_Capitan;VH;0.3;0.3;25;votes;1.0;0.1;144;0.37370242214532867;0.7504262727222795;0.3724137931034483;0.375;54.0;91;90;0.375;0.6275862068965518;0.625;0.15866325795650482;0.07150959223508835
Capitan;SEILS;test;SAE_D3_RVH_Capitan;VH;0.3;0.3;25;votes;1.0;0.1;289;0;0;0.0;0.0;0.0;1;289;0.0;1.0;1.0;0.0;0.0
Capitan;FMT_C;test;SAE_D3_RVH_Capitan;VH;0.3;0.3;25;votes;1.0;0.1;311;0;0;0.0;0.0;0.0;1;311;0.0;1.0;1.0;0.0;0.0
Capitan;Capitan;val;SAE_D3_RVH_Capitan;VH;0.3;0.4;25;votes;0.25;0.45;121;0.995850622406639;0.8674636099718753;1.0;0.9917355371900827;120.0;0;1;0.9917355371900827;0.0;0.008264462809917356;0.8954572677612305;0.5845659971237183
Capitan;Capitan;test;SAE_D3_RVH_Capitan;VH;0.3;0.4;25;votes;0.25;0.45;144;0.9600000000000001;0.8683796027542159;0.9230769230769231;1.0;144.0;12;0;1.0;0.07692307692307693;0.0;0.9873427748680115;0.7240562438964844
Capitan;SEILS;test;SAE_D3_RVH_Capitan;VH;0.3;0.4;25;votes;0.25;0.45;289;0.16494845360824742;0.7387997903011684;0.16382252559726962;0.16608996539792387;48.0;245;241;0.16608996539792387;0.8361774744027304;0.8339100346020761;0.04012499004602432;0.017212331295013428
Capitan;FMT_C;test;SAE_D3_RVH_Capitan;VH;0.3;0.4;25;votes;0.25;0.45;311;0;0;0.0;0.0;0.0;2;311;0.0;1.0;1.0;0.0;0.0
Capitan;Capitan;val;SAE_D3_RVH_Capitan;VH;0.3;0.4;25;votes;0.5;0.1;121;0.9917355371900827;0.8634541141418625;0.9917355371900827;0.9917355371900827;120.0;1;1;0.9917355371900827;0.008264462809917356;0.008264462809917356;0.4629526436328888;0.2513282895088196
Capitan;Capitan;test;SAE_D3_RVH_Capitan;VH;0.3;0.4;25;votes;0.5;0.1;144;0.9600000000000001;0.8599428783996674;0.9230769230769231;1.0;144.0;12;0;1.0;0.07692307692307693;0.0;0.98214191198349;0.7099580764770508
Capitan;SEILS;test;SAE_D3_RVH_Capitan;VH;0.3;0.4;25;votes;0.5;0.1;289;0.022792022792022793;0.6394611331767406;0.06451612903225806;0.01384083044982699;4.0;58;285;0.01384083044982699;0.9354838709677419;0.986159169550173;0.0026095733046531677;0.0014480197569355369
Capitan;FMT_C;test;SAE_D3_RVH_Capitan;VH;0.3;0.4;25;votes;0.5;0.1;311;0;0;0.0;0.0;0.0;6;311;0.0;1.0;1.0;0.0;0.0
Capitan;Capitan;val;SAE_D3_RVH_Capitan;VH;0.3;0.4;25;votes;0.75;0.1;121;0.6741573033707865;0.791604852090045;0.6164383561643836;0.743801652892562;90.0;56;31;0.743801652892562;0.3835616438356164;0.256198347107438;0.06415359675884247;0.02531743422150612
Capitan;Capitan;test;SAE_D3_RVH_Capitan;VH;0.3;0.4;25;votes;0.75;0.1;144;0.6945337620578778;0.8057197684170562;0.6467065868263473;0.75;108.0;59;36;0.75;0.3532934131736527;0.25;0.5616005063056946;0.3207598924636841
Capitan;SEILS;test;SAE_D3_RVH_Capitan;VH;0.3;0.4;25;votes;0.75;0.1;289;0;0;0.0;0.0;0.0;1;289;0.0;1.0;1.0;0.0;0.0
Capitan;FMT_C;test;SAE_D3_RVH_Capitan;VH;0.3;0.4;25;votes;0.75;0.1;311;0;0;0.0;0.0;0.0;1;311;0.0;1.0;1.0;0.0;0.0
Capitan;Capitan;val;SAE_D3_RVH_Capitan;VH;0.3;0.4;25;votes;1.0;0.1;121;0.026845637583892617;0.617987847546184;0.07142857142857142;0.01652892561983471;2.0;26;119;0.01652892561983471;0.9285714285714286;0.9834710743801653;0.0001562608522363007;0.0002828854485414922
Capitan;Capitan;test;SAE_D3_RVH_Capitan;VH;0.3;0.4;25;votes;1.0;0.1;144;0.013157894736842105;0.6067165158074249;0.125;0.006944444444444444;1.0;7;143;0.006944444444444444;0.875;0.9930555555555556;0.0017361111240461469;0.0007425742223858833
Capitan;SEILS;test;SAE_D3_RVH_Capitan;VH;0.3;0.4;25;votes;1.0;0.1;289;0;0;0.0;0.0;0.0;0;289;0.0;0.0;1.0;0.0;0.0
Capitan;FMT_C;test;SAE_D3_RVH_Capitan;VH;0.3;0.4;25;votes;1.0;0.1;311;0;0;0.0;0.0;0.0;0;311;0.0;0.0;1.0;0.0;0.0
Capitan;Capitan;val;SAE_D3_RVH_Capitan;VH;0.3;0.5;25;votes;0.25;0.15;121;0.9836065573770492;0.8465849589318988;0.975609756097561;0.9917355371900827;120.0;3;1;0.9917355371900827;0.024390243902439025;0.008264462809917356;0.5822658538818359;0.3251376748085022
Capitan;Capitan;test;SAE_D3_RVH_Capitan;VH;0.3;0.5;25;votes;0.25;0.15;144;0.9171974522292993;0.8494642724746306;0.8470588235294118;1.0;144.0;26;0;1.0;0.15294117647058825;0.0;0.95307457447052;0.6670347452163696
Capitan;SEILS;test;SAE_D3_RVH_Capitan;VH;0.3;0.5;25;votes;0.25;0.15;289;0.09071274298056155;0.7447207508939279;0.1206896551724138;0.0726643598615917;21.0;153;268;0.0726643598615917;0.8793103448275862;0.9273356401384083;0.018692240118980408;0.008770467713475227
Capitan;FMT_C;test;SAE_D3_RVH_Capitan;VH;0.3;0.5;25;votes;0.25;0.15;311;0;0;0.0;0.0;0.0;39;311;0.0;1.0;1.0;0.0;0.0
Capitan;Capitan;val;SAE_D3_RVH_Capitan;VH;0.3;0.5;25;votes;0.5;0.1;121;0.45;0.7665546853325507;0.39622641509433965;0.5206611570247934;63.0;96;58;0.5206611570247934;0.6037735849056604;0.4793388429752066;0.05354563519358635;0.021964015439152718
Capitan;Capitan;test;SAE_D3_RVH_Capitan;VH;0.3;0.5;25;votes;0.5;0.1;144;0.5283018867924529;0.786473590483378;0.4827586206896552;0.5833333333333334;84.0;90;60;0.5833333333333334;0.5172413793103449;0.4166666666666667;0.3491828143596649;0.17963549494743347
Capitan;SEILS;test;SAE_D3_RVH_Capitan;VH;0.3;0.5;25;votes;0.5;0.1;289;0;0;0.0;0.0;0.0;5;289;0.0;1.0;1.0;0.0;0.0
Capitan;FMT_C;test;SAE_D3_RVH_Capitan;VH;0.3;0.5;25;votes;0.5;0.1;311;0;0;0.0;0.0;0.0;1;311;0.0;1.0;1.0;0.0;0.0
Capitan;Capitan;val;SAE_D3_RVH_Capitan;VH;0.3;0.5;25;votes;0.75;0.9;121;0;0;0.0;0.0;0.0;0;121;0.0;0.0;1.0;0.0;0.0
Capitan;Capitan;test;SAE_D3_RVH_Capitan;VH;0.3;0.5;25;votes;0.75;0.9;144;0;0;0.0;0.0;0.0;0;144;0.0;0.0;1.0;0.0;0.0
Capitan;SEILS;test;SAE_D3_RVH_Capitan;VH;0.3;0.5;25;votes;0.75;0.9;289;0;0;0.0;0.0;0.0;0;289;0.0;0.0;1.0;0.0;0.0
Capitan;FMT_C;test;SAE_D3_RVH_Capitan;VH;0.3;0.5;25;votes;0.75;0.9;311;0;0;0.0;0.0;0.0;0;311;0.0;0.0;1.0;0.0;0.0
Capitan;Capitan;val;SAE_D3_RVH_Capitan;VH;0.3;0.5;25;votes;1.0;0.9;121;0;0;0.0;0.0;0.0;0;121;0.0;0.0;1.0;0.0;0.0
Capitan;Capitan;test;SAE_D3_RVH_Capitan;VH;0.3;0.5;25;votes;1.0;0.9;144;0;0;0.0;0.0;0.0;0;144;0.0;0.0;1.0;0.0;0.0
Capitan;SEILS;test;SAE_D3_RVH_Capitan;VH;0.3;0.5;25;votes;1.0;0.9;289;0;0;0.0;0.0;0.0;0;289;0.0;0.0;1.0;0.0;0.0
Capitan;FMT_C;test;SAE_D3_RVH_Capitan;VH;0.3;0.5;25;votes;1.0;0.9;311;0;0;0.0;0.0;0.0;0;311;0.0;0.0;1.0;0.0;0.0
Capitan;Capitan;val;SAE_D3_RVH_Capitan;VH;0.3;0.1;75;votes;0.25;0.8;121;0.9875518672199171;0.868013934306698;0.9916666666666667;0.9834710743801653;119.0;1;2;0.9834710743801653;0.008333333333333333;0.01652892561983471;0.9472821950912476;0.6036685109138489
Capitan;Capitan;test;SAE_D3_RVH_Capitan;VH;0.3;0.1;75;votes;0.25;0.8;144;0.9896907216494846;0.8612860758555728;0.9795918367346939;1.0;144.0;3;0;1.0;0.02040816326530612;0.0;0.9902616143226624;0.7193583250045776
Capitan;SEILS;test;SAE_D3_RVH_Capitan;VH;0.3;0.1;75;votes;0.25;0.8;289;0.5411764705882353;0.7552257901415907;0.47058823529411764;0.6366782006920415;184.0;207;105;0.6366782006920415;0.5294117647058824;0.3633217993079585;0.3584727346897125;0.1661527454853058
Capitan;FMT_C;test;SAE_D3_RVH_Capitan;VH;0.3;0.1;75;votes;0.25;0.8;311;0;0;0.0;0.0;0.0;0;311;0.0;0.0;1.0;0.0;0.0
Capitan;Capitan;val;SAE_D3_RVH_Capitan;VH;0.3;0.1;75;votes;0.5;0.65;121;0.9875518672199171;0.8750109820078921;0.9916666666666667;0.9834710743801653;119.0;1;2;0.9834710743801653;0.008333333333333333;0.01652892561983471;0.9472314119338989;0.624599277973175
Capitan;Capitan;test;SAE_D3_RVH_Capitan;VH;0.3;0.1;75;votes;0.5;0.65;144;0.9863013698630138;0.8668127650580384;0.972972972972973;1.0;144.0;4;0;1.0;0.02702702702702703;0.0;0.9895992875099182;0.7352170348167419
Capitan;SEILS;test;SAE_D3_RVH_Capitan;VH;0.3;0.1;75;votes;0.5;0.65;289;0.4061624649859944;0.6958936281615404;0.3411764705882353;0.5017301038062284;145.0;280;144;0.5017301038062284;0.6588235294117647;0.4982698961937716;0.21782706677913666;0.07199359685182571
Capitan;FMT_C;test;SAE_D3_RVH_Capitan;VH;0.3;0.1;75;votes;0.5;0.65;311;0;0;0.0;0.0;0.0;1;311;0.0;1.0;1.0;0.0;0.0
Capitan;Capitan;val;SAE_D3_RVH_Capitan;VH;0.3;0.1;75;votes;0.75;0.5;121;0.9875518672199171;0.8740110971807709;0.9916666666666667;0.9834710743801653;119.0;1;2;0.9834710743801653;0.008333333333333333;0.01652892561983471;0.9234607815742493;0.6133646965026855
Capitan;Capitan;test;SAE_D3_RVH_Capitan;VH;0.3;0.1;75;votes;0.75;0.5;144;0.9829351535836178;0.8667751437702502;0.9664429530201343;1.0;144.0;5;0;1.0;0.03355704697986577;0.0;0.9896286129951477;0.7315173149108887
Capitan;SEILS;test;SAE_D3_RVH_Capitan;VH;0.3;0.1;75;votes;0.75;0.5;289;0.1253731343283582;0.6581409796438207;0.11023622047244094;0.1453287197231834;42.0;339;247;0.1453287197231834;0.889763779527559;0.8546712802768166;0.025244487449526787;0.007363665848970413
Capitan;FMT_C;test;SAE_D3_RVH_Capitan;VH;0.3;0.1;75;votes;0.75;0.5;311;0;0;0.0;0.0;0.0;1;311;0.0;1.0;1.0;0.0;0.0
Capitan;Capitan;val;SAE_D3_RVH_Capitan;VH;0.3;0.1;75;votes;1.0;0.15;121;0.9834710743801653;0.8613821742083995;0.9834710743801653;0.9834710743801653;119.0;2;2;0.9834710743801653;0.01652892561983471;0.01652892561983471;0.7041987180709839;0.42181912064552307
Capitan;Capitan;test;SAE_D3_RVH_Capitan;VH;0.3;0.1;75;votes;1.0;0.15;144;0.976271186440678;0.8499872998531357;0.9536423841059603;1.0;144.0;7;0;1.0;0.046357615894039736;0.0;0.9917654395103455;0.6937149167060852
Capitan;SEILS;test;SAE_D3_RVH_Capitan;VH;0.3;0.1;75;votes;1.0;0.15;289;0.0334128878281623;0.5833809976732918;0.05384615384615385;0.02422145328719723;7.0;123;282;0.02422145328719723;0.9461538461538461;0.9757785467128027;0.003585872473195195;0.001002760138362646
Capitan;FMT_C;test;SAE_D3_RVH_Capitan;VH;0.3;0.1;75;votes;1.0;0.15;311;0;0;0.0;0.0;0.0;1;311;0.0;1.0;1.0;0.0;0.0
Capitan;Capitan;val;SAE_D3_RVH_Capitan;VH;0.3;0.2;75;votes;0.25;0.75;121;0.9917355371900827;0.8702277478569987;0.9917355371900827;0.9917355371900827;120.0;1;1;0.9917355371900827;0.008264462809917356;0.008264462809917356;0.95376056432724;0.615925669670105
Capitan;Capitan;test;SAE_D3_RVH_Capitan;VH;0.3;0.2;75;votes;0.25;0.75;144;0.9896907216494846;0.8654923596783877;0.9795918367346939;1.0;144.0;3;0;1.0;0.02040816326530612;0.0;0.9914465546607971;0.7342446446418762
Capitan;SEILS;test;SAE_D3_RVH_Capitan;VH;0.3;0.2;75;votes;0.25;0.75;289;0.45799457994579945;0.7399607536789694;0.37639198218262804;0.5847750865051903;169.0;280;120;0.5847750865051903;0.623608017817372;0.41522491349480967;0.28719398379325867;0.11873985826969147
Capitan;FMT_C;test;SAE_D3_RVH_Capitan;VH;0.3;0.2;75;votes;0.25;0.75;311;0;0;0.0;0.0;0.0;0;311;0.0;0.0;1.0;0.0;0.0
Capitan;Capitan;val;SAE_D3_RVH_Capitan;VH;0.3;0.2;75;votes;0.5;0.6;121;0.9875518672199171;0.8747344972405513;0.9916666666666667;0.9834710743801653;119.0;1;2;0.9834710743801653;0.008333333333333333;0.01652892561983471;0.9368810653686523;0.6277920603752136
Capitan;Capitan;test;SAE_D3_RVH_Capitan;VH;0.3;0.2;75;votes;0.5;0.6;144;0.9896907216494846;0.8674036158156563;0.9795918367346939;1.0;144.0;3;0;1.0;0.02040816326530612;0.0;0.9902278184890747;0.7339610457420349
Capitan;SEILS;test;SAE_D3_RVH_Capitan;VH;0.3;0.2;75;votes;0.5;0.6;289;0.07420494699646643;0.6840908923895578;0.07581227436823104;0.0726643598615917;21.0;256;268;0.0726643598615917;0.924187725631769;0.9273356401384083;0.010927828028798103;0.004159383475780487
Capitan;FMT_C;test;SAE_D3_RVH_Capitan;VH;0.3;0.2;75;votes;0.5;0.6;311;0;0;0.0;0.0;0.0;1;311;0.0;1.0;1.0;0.0;0.0
Capitan;Capitan;val;SAE_D3_RVH_Capitan;VH;0.3;0.2;75;votes;0.75;0.35;121;0.9875518672199171;0.8739634910491177;0.9916666666666667;0.9834710743801653;119.0;1;2;0.9834710743801653;0.008333333333333333;0.01652892561983471;0.8536768555641174;0.5527214407920837
Capitan;Capitan;test;SAE_D3_RVH_Capitan;VH;0.3;0.2;75;votes;0.75;0.35;144;0.9863013698630138;0.8662658833169034;0.972972972972973;1.0;144.0;4;0;1.0;0.02702702702702703;0.0;0.990237832069397;0.737246572971344
Capitan;SEILS;test;SAE_D3_RVH_Capitan;VH;0.3;0.2;75;votes;0.75;0.35;289;0.031746031746031744;0.5856175857513453;0.06741573033707865;0.020761245674740483;6.0;83;283;0.020761245674740483;0.9325842696629213;0.9792387543252595;0.0035643342416733503;0.0008055031066760421
Capitan;FMT_C;test;SAE_D3_RVH_Capitan;VH;0.3;0.2;75;votes;0.75;0.35;311;0;0;0.0;0.0;0.0;1;311;0.0;1.0;1.0;0.0;0.0
Capitan;Capitan;val;SAE_D3_RVH_Capitan;VH;0.3;0.2;75;votes;1.0;0.1;121;0.8862745098039215;0.8204730720920634;0.8432835820895522;0.9338842975206612;113.0;21;8;0.9338842975206612;0.15671641791044777;0.06611570247933884;0.19140422344207764;0.08757508546113968
Capitan;Capitan;test;SAE_D3_RVH_Capitan;VH;0.3;0.2;75;votes;1.0;0.1;144;0.8037974683544303;0.8278453006435965;0.7383720930232558;0.8819444444444444;127.0;45;17;0.8819444444444444;0.2616279069767442;0.11805555555555555;0.6948274374008179;0.4345712661743164
Capitan;SEILS;test;SAE_D3_RVH_Capitan;VH;0.3;0.2;75;votes;1.0;0.1;289;0;0;0.0;0.0;0.0;3;289;0.0;1.0;1.0;0.0;0.0
Capitan;FMT_C;test;SAE_D3_RVH_Capitan;VH;0.3;0.2;75;votes;1.0;0.1;311;0;0;0.0;0.0;0.0;0;311;0.0;0.0;1.0;0.0;0.0
Capitan;Capitan;val;SAE_D3_RVH_Capitan;VH;0.3;0.3;75;votes;0.25;0.65;121;0.9876543209876544;0.8732237034572857;0.9836065573770492;0.9917355371900827;120.0;2;1;0.9917355371900827;0.01639344262295082;0.008264462809917356;0.9476476311683655;0.6308952569961548
Capitan;Capitan;test;SAE_D3_RVH_Capitan;VH;0.3;0.3;75;votes;0.25;0.65;144;0.9795918367346939;0.8656534629731606;0.96;1.0;144.0;6;0;1.0;0.04;0.0;0.9887495040893555;0.7355653047561646
Capitan;SEILS;test;SAE_D3_RVH_Capitan;VH;0.3;0.3;75;votes;0.25;0.65;289;0.33426966292134835;0.7113767816351023;0.28132387706855794;0.4117647058823529;119.0;304;170;0.4117647058823529;0.7186761229314421;0.5882352941176471;0.1515127271413803;0.056710384786129
Capitan;FMT_C;test;SAE_D3_RVH_Capitan;VH;0.3;0.3;75;votes;0.25;0.65;311;0;0;0.0;0.0;0.0;1;311;0.0;1.0;1.0;0.0;0.0
Capitan;Capitan;val;SAE_D3_RVH_Capitan;VH;0.3;0.3;75;votes;0.5;0.35;121;0.995850622406639;0.8741743266570701;1.0;0.9917355371900827;120.0;0;1;0.9917355371900827;0.0;0.008264462809917356;0.9018381834030151;0.5957485437393188
Capitan;Capitan;test;SAE_D3_RVH_Capitan;VH;0.3;0.3;75;votes;0.5;0.35;144;0.9829351535836178;0.8651834878822763;0.9664429530201343;1.0;144.0;5;0;1.0;0.03355704697986577;0.0;0.9925917387008667;0.7318040728569031
Capitan;SEILS;test;SAE_D3_RVH_Capitan;VH;0.3;0.3;75;votes;0.5;0.35;289;0.044009779951100246;0.6332913026147048;0.075;0.031141868512110725;9.0;111;280;0.031141868512110725;0.925;0.9688581314878892;0.006667382083833218;0.002173366956412792
Capitan;FMT_C;test;SAE_D3_RVH_Capitan;VH;0.3;0.3;75;votes;0.5;0.35;311;0;0;0.0;0.0;0.0;1;311;0.0;1.0;1.0;0.0;0.0
Capitan;Capitan;val;SAE_D3_RVH_Capitan;VH;0.3;0.3;75;votes;0.75;0.1;121;0.9876543209876544;0.8675176962281005;0.9836065573770492;0.9917355371900827;120.0;2;1;0.9917355371900827;0.01639344262295082;0.008264462809917356;0.5870535969734192;0.3324999213218689
Capitan;Capitan;test;SAE_D3_RVH_Capitan;VH;0.3;0.3;75;votes;0.75;0.1;144;0.976271186440678;0.8642595750987186;0.9536423841059603;1.0;144.0;7;0;1.0;0.046357615894039736;0.0;0.9916634559631348;0.7319160103797913
Capitan;SEILS;test;SAE_D3_RVH_Capitan;VH;0.3;0.3;75;votes;0.75;0.1;289;0;0;0.0;0.0;0.0;29;289;0.0;1.0;1.0;0.0;0.0
Capitan;FMT_C;test;SAE_D3_RVH_Capitan;VH;0.3;0.3;75;votes;0.75;0.1;311;0;0;0.0;0.0;0.0;1;311;0.0;1.0;1.0;0.0;0.0
Capitan;Capitan;val;SAE_D3_RVH_Capitan;VH;0.3;0.3;75;votes;1.0;0.1;121;0.12334801762114538;0.6459423250537402;0.1320754716981132;0.11570247933884298;14.0;92;107;0.11570247933884298;0.8679245283018868;0.8842975206611571;0.0014437029603868723;0.000561871100217104
Capitan;Capitan;test;SAE_D3_RVH_Capitan;VH;0.3;0.3;75;votes;1.0;0.1;144;0.2134387351778656;0.6816523510039509;0.24770642201834864;0.1875;27.0;82;117;0.1875;0.7522935779816514;0.8125;0.05135422572493553;0.0168963260948658
Capitan;SEILS;test;SAE_D3_RVH_Capitan;VH;0.3;0.3;75;votes;1.0;0.1;289;0;0;0.0;0.0;0.0;0;289;0.0;0.0;1.0;0.0;0.0
Capitan;FMT_C;test;SAE_D3_RVH_Capitan;VH;0.3;0.3;75;votes;1.0;0.1;311;0;0;0.0;0.0;0.0;0;311;0.0;0.0;1.0;0.0;0.0
Capitan;Capitan;val;SAE_D3_RVH_Capitan;VH;0.3;0.4;75;votes;0.25;0.65;121;0.9917355371900827;0.8710456852202262;0.9917355371900827;0.9917355371900827;120.0;1;1;0.9917355371900827;0.008264462809917356;0.008264462809917356;0.9478669762611389;0.6473761200904846
Capitan;Capitan;test;SAE_D3_RVH_Capitan;VH;0.3;0.4;75;votes;0.25;0.65;144;0.9828178694158075;0.8656541961226351;0.9727891156462585;0.9930555555555556;143.0;4;1;0.9930555555555556;0.027210884353741496;0.006944444444444444;0.9862436056137085;0.7245321869850159
Capitan;SEILS;test;SAE_D3_RVH_Capitan;VH;0.3;0.4;75;votes;0.25;0.65;289;0.11555555555555555;0.735853992610774;0.16149068322981366;0.08996539792387544;26.0;135;263;0.08996539792387544;0.8385093167701864;0.9100346020761245;0.026752810925245285;0.01176099106669426
Capitan;FMT_C;test;SAE_D3_RVH_Capitan;VH;0.3;0.4;75;votes;0.25;0.65;311;0;0;0.0;0.0;0.0;0;311;0.0;0.0;1.0;0.0;0.0
Capitan;Capitan;val;SAE_D3_RVH_Capitan;VH;0.3;0.4;75;votes;0.5;0.15;121;0.995850622406639;0.8701681817786953;1.0;0.9917355371900827;120.0;0;1;0.9917355371900827;0.0;0.008264462809917356;0.5741592645645142;0.31828171014785767
Capitan;Capitan;test;SAE_D3_RVH_Capitan;VH;0.3;0.4;75;votes;0.5;0.15;144;0.9863013698630138;0.8702718723538195;0.972972972972973;1.0;144.0;4;0;1.0;0.02702702702702703;0.0;0.9929271936416626;0.7378386855125427
Capitan;SEILS;test;SAE_D3_RVH_Capitan;VH;0.3;0.4;75;votes;0.5;0.15;289;0.006389776357827477;0.5041865721477372;0.041666666666666664;0.0034602076124567475;1.0;23;288;0.0034602076124567475;0.9583333333333334;0.9965397923875432;0.0017301038606092334;0.0004950495203956962
Capitan;FMT_C;test;SAE_D3_RVH_Capitan;VH;0.3;0.4;75;votes;0.5;0.15;311;0;0;0.0;0.0;0.0;1;311;0.0;1.0;1.0;0.0;0.0
Capitan;Capitan;val;SAE_D3_RVH_Capitan;VH;0.3;0.4;75;votes;0.75;0.1;121;0.7548638132295721;0.7799125783734808;0.7132352941176471;0.8016528925619835;97.0;39;24;0.8016528925619835;0.2867647058823529;0.19834710743801653;0.06411565095186234;0.025548866018652916
Capitan;Capitan;test;SAE_D3_RVH_Capitan;VH;0.3;0.4;75;votes;0.75;0.1;144;0.7320261437908497;0.7981482666110148;0.691358024691358;0.7777777777777778;112.0;50;32;0.7777777777777778;0.30864197530864196;0.2222222222222222;0.580281674861908;0.3238619267940521
Capitan;SEILS;test;SAE_D3_RVH_Capitan;VH;0.3;0.4;75;votes;0.75;0.1;289;0;0;0.0;0.0;0.0;0;289;0.0;0.0;1.0;0.0;0.0
Capitan;FMT_C;test;SAE_D3_RVH_Capitan;VH;0.3;0.4;75;votes;0.75;0.1;311;0;0;0.0;0.0;0.0;0;311;0.0;0.0;1.0;0.0;0.0
Capitan;Capitan;val;SAE_D3_RVH_Capitan;VH;0.3;0.4;75;votes;1.0;0.9;121;0;0;0.0;0.0;0.0;0;121;0.0;0.0;1.0;0.0;0.0
Capitan;Capitan;test;SAE_D3_RVH_Capitan;VH;0.3;0.4;75;votes;1.0;0.9;144;0;0;0.0;0.0;0.0;0;144;0.0;0.0;1.0;0.0;0.0
Capitan;SEILS;test;SAE_D3_RVH_Capitan;VH;0.3;0.4;75;votes;1.0;0.9;289;0;0;0.0;0.0;0.0;0;289;0.0;0.0;1.0;0.0;0.0
Capitan;FMT_C;test;SAE_D3_RVH_Capitan;VH;0.3;0.4;75;votes;1.0;0.9;311;0;0;0.0;0.0;0.0;0;311;0.0;0.0;1.0;0.0;0.0
Capitan;Capitan;val;SAE_D3_RVH_Capitan;VH;0.3;0.5;75;votes;0.25;0.5;121;0.9794238683127573;0.8228207172775177;0.9754098360655737;0.9834710743801653;119.0;3;2;0.9834710743801653;0.02459016393442623;0.01652892561983471;0.730842649936676;0.4323655962944031
Capitan;Capitan;test;SAE_D3_RVH_Capitan;VH;0.3;0.5;75;votes;0.25;0.5;144;0.9828178694158075;0.8370569996393644;0.9727891156462585;0.9930555555555556;143.0;4;1;0.9930555555555556;0.027210884353741496;0.006944444444444444;0.97213214635849;0.6307986974716187
Capitan;SEILS;test;SAE_D3_RVH_Capitan;VH;0.3;0.5;75;votes;0.25;0.5;289;0.03021148036253776;0.6084209200724116;0.11904761904761904;0.01730103806228374;5.0;37;284;0.01730103806228374;0.8809523809523809;0.9826989619377162;0.006132919806987047;0.002079207915812731
Capitan;FMT_C;test;SAE_D3_RVH_Capitan;VH;0.3;0.5;75;votes;0.25;0.5;311;0;0;0.0;0.0;0.0;0;311;0.0;0.0;1.0;0.0;0.0
Capitan;Capitan;val;SAE_D3_RVH_Capitan;VH;0.3;0.5;75;votes;0.5;0.1;121;0.5267175572519083;0.7446179213126228;0.48936170212765956;0.5702479338842975;69.0;72;52;0.5702479338842975;0.5106382978723404;0.4297520661157025;0.02951643615961075;0.010542555712163448
Capitan;Capitan;test;SAE_D3_RVH_Capitan;VH;0.3;0.5;75;votes;0.5;0.1;144;0.5329153605015674;0.7424001208557173;0.4857142857142857;0.5902777777777778;85.0;90;59;0.5902777777777778;0.5142857142857142;0.4097222222222222;0.32341375946998596;0.13741594552993774
Capitan;SEILS;test;SAE_D3_RVH_Capitan;VH;0.3;0.5;75;votes;0.5;0.1;289;0;0;0.0;0.0;0.0;0;289;0.0;0.0;1.0;0.0;0.0
Capitan;FMT_C;test;SAE_D3_RVH_Capitan;VH;0.3;0.5;75;votes;0.5;0.1;311;0;0;0.0;0.0;0.0;0;311;0.0;0.0;1.0;0.0;0.0
Capitan;Capitan;val;SAE_D3_RVH_Capitan;VH;0.3;0.5;75;votes;0.75;0.1;121;0.015873015873015872;0.6063944172710406;0.2;0.008264462809917356;1.0;4;120;0.008264462809917356;0.8;0.9917355371900827;0.000648193177767098;0.001320132054388523
Capitan;Capitan;test;SAE_D3_RVH_Capitan;VH;0.3;0.5;75;votes;0.75;0.1;144;0.0392156862745098;0.5835816784390252;0.3333333333333333;0.020833333333333332;3.0;6;141;0.020833333333333332;0.6666666666666666;0.9791666666666666;0.008928571827709675;0.0024988213554024696
Capitan;SEILS;test;SAE_D3_RVH_Capitan;VH;0.3;0.5;75;votes;0.75;0.1;289;0;0;0.0;0.0;0.0;0;289;0.0;0.0;1.0;0.0;0.0
Capitan;FMT_C;test;SAE_D3_RVH_Capitan;VH;0.3;0.5;75;votes;0.75;0.1;311;0;0;0.0;0.0;0.0;0;311;0.0;0.0;1.0;0.0;0.0
Capitan;Capitan;val;SAE_D3_RVH_Capitan;VH;0.3;0.5;75;votes;1.0;0.9;121;0;0;0.0;0.0;0.0;0;121;0.0;0.0;1.0;0.0;0.0
Capitan;Capitan;test;SAE_D3_RVH_Capitan;VH;0.3;0.5;75;votes;1.0;0.9;144;0;0;0.0;0.0;0.0;0;144;0.0;0.0;1.0;0.0;0.0
Capitan;SEILS;test;SAE_D3_RVH_Capitan;VH;0.3;0.5;75;votes;1.0;0.9;289;0;0;0.0;0.0;0.0;0;289;0.0;0.0;1.0;0.0;0.0
Capitan;FMT_C;test;SAE_D3_RVH_Capitan;VH;0.3;0.5;75;votes;1.0;0.9;311;0;0;0.0;0.0;0.0;0;311;0.0;0.0;1.0;0.0;0.0
Capitan;Capitan;val;SAE_D3_RVH_Capitan;VH;0.3;0.1;250;votes;0.25;0.8;121;0.9834710743801653;0.8688371294714725;0.9834710743801653;0.9834710743801653;119.0;2;2;0.9834710743801653;0.01652892561983471;0.01652892561983471;0.9439139366149902;0.6059273481369019
Capitan;Capitan;test;SAE_D3_RVH_Capitan;VH;0.3;0.1;250;votes;0.25;0.8;144;0.9896907216494846;0.8604486091330008;0.9795918367346939;1.0;144.0;3;0;1.0;0.02040816326530612;0.0;0.9903237223625183;0.7139818668365479
Capitan;SEILS;test;SAE_D3_RVH_Capitan;VH;0.3;0.1;250;votes;0.25;0.8;289;0.5382352941176471;0.7502911148146899;0.4680306905370844;0.6332179930795848;183.0;208;106;0.6332179930795848;0.5319693094629157;0.36678200692041524;0.37785807251930237;0.16519348323345184
Capitan;FMT_C;test;SAE_D3_RVH_Capitan;VH;0.3;0.1;250;votes;0.25;0.8;311;0;0;0.0;0.0;0.0;0;311;0.0;0.0;1.0;0.0;0.0
Capitan;Capitan;val;SAE_D3_RVH_Capitan;VH;0.3;0.1;250;votes;0.5;0.75;121;0.9875518672199171;0.8687127916631127;0.9916666666666667;0.9834710743801653;119.0;1;2;0.9834710743801653;0.008333333333333333;0.01652892561983471;0.9441707730293274;0.6258959770202637
Capitan;Capitan;test;SAE_D3_RVH_Capitan;VH;0.3;0.1;250;votes;0.5;0.75;144;0.9896193771626298;0.8644441582231522;0.9862068965517241;0.9930555555555556;143.0;2;1;0.9930555555555556;0.013793103448275862;0.006944444444444444;0.9986590147018433;0.7248926758766174
Capitan;SEILS;test;SAE_D3_RVH_Capitan;VH;0.3;0.1;250;votes;0.5;0.75;289;0.27234042553191484;0.6826806716961373;0.23076923076923078;0.33217993079584773;96.0;320;193;0.33217993079584773;0.7692307692307693;0.6678200692041523;0.10869360715150833;0.032277368009090424
Capitan;FMT_C;test;SAE_D3_RVH_Capitan;VH;0.3;0.1;250;votes;0.5;0.75;311;0;0;0.0;0.0;0.0;0;311;0.0;0.0;1.0;0.0;0.0
Capitan;Capitan;val;SAE_D3_RVH_Capitan;VH;0.3;0.1;250;votes;0.75;0.55;121;0.9834710743801653;0.8750647733446654;0.9834710743801653;0.9834710743801653;119.0;2;2;0.9834710743801653;0.01652892561983471;0.01652892561983471;0.9289262294769287;0.617982029914856
Capitan;Capitan;test;SAE_D3_RVH_Capitan;VH;0.3;0.1;250;votes;0.75;0.55;144;0.9863013698630138;0.8669631366391486;0.972972972972973;1.0;144.0;4;0;1.0;0.02702702702702703;0.0;0.9901677370071411;0.7356675863265991
Capitan;SEILS;test;SAE_D3_RVH_Capitan;VH;0.3;0.1;250;votes;0.75;0.55;289;0.11653543307086614;0.6684623214061467;0.1069364161849711;0.12802768166089964;37.0;309;252;0.12802768166089964;0.8930635838150289;0.8719723183391004;0.02236952818930149;0.007180001586675644
Capitan;FMT_C;test;SAE_D3_RVH_Capitan;VH;0.3;0.1;250;votes;0.75;0.55;311;0;0;0.0;0.0;0.0;0;311;0.0;0.0;1.0;0.0;0.0
Capitan;Capitan;val;SAE_D3_RVH_Capitan;VH;0.3;0.1;250;votes;1.0;0.2;121;0.9711934156378601;0.8625010517899546;0.9672131147540983;0.9752066115702479;118.0;4;3;0.9752066115702479;0.03278688524590164;0.024793388429752067;0.6015095114707947;0.34804850816726685
Capitan;Capitan;test;SAE_D3_RVH_Capitan;VH;0.3;0.1;250;votes;1.0;0.2;144;0.9794520547945206;0.8614270353655469;0.9662162162162162;0.9930555555555556;143.0;5;1;0.9930555555555556;0.033783783783783786;0.006944444444444444;0.9791397452354431;0.7081658840179443
Capitan;SEILS;test;SAE_D3_RVH_Capitan;VH;0.3;0.1;250;votes;1.0;0.2;289;0.006172839506172839;0.5102040816326531;0.02857142857142857;0.0034602076124567475;1.0;34;288;0.0034602076124567475;0.9714285714285714;0.9965397923875432;0.0003460207663010806;9.900990698952228e-05
Capitan;FMT_C;test;SAE_D3_RVH_Capitan;VH;0.3;0.1;250;votes;1.0;0.2;311;0;0;0.0;0.0;0.0;0;311;0.0;0.0;1.0;0.0;0.0
Capitan;Capitan;val;SAE_D3_RVH_Capitan;VH;0.3;0.2;250;votes;0.25;0.7;121;0.9836065573770492;0.8697086785541217;0.975609756097561;0.9917355371900827;120.0;3;1;0.9917355371900827;0.024390243902439025;0.008264462809917356;0.9452643990516663;0.6173819303512573
Capitan;Capitan;test;SAE_D3_RVH_Capitan;VH;0.3;0.2;250;votes;0.25;0.7;144;0.9896907216494846;0.8635688721520302;0.9795918367346939;1.0;144.0;3;0;1.0;0.02040816326530612;0.0;0.9928780198097229;0.729743242263794
Capitan;SEILS;test;SAE_D3_RVH_Capitan;VH;0.3;0.2;250;votes;0.25;0.7;289;0.5250000000000001;0.7431467328103799;0.4385150812064965;0.6539792387543253;189.0;242;100;0.6539792387543253;0.5614849187935035;0.3460207612456747;0.3515665531158447;0.15193115174770355
Capitan;FMT_C;test;SAE_D3_RVH_Capitan;VH;0.3;0.2;250;votes;0.25;0.7;311;0;0;0.0;0.0;0.0;1;311;0.0;1.0;1.0;0.0;0.0
Capitan;Capitan;val;SAE_D3_RVH_Capitan;VH;0.3;0.2;250;votes;0.5;0.7;121;0.9875518672199171;0.8663918089554433;0.9916666666666667;0.9834710743801653;119.0;1;2;0.9834710743801653;0.008333333333333333;0.01652892561983471;0.9334458112716675;0.6275085210800171
Capitan;Capitan;test;SAE_D3_RVH_Capitan;VH;0.3;0.2;250;votes;0.5;0.7;144;0.9896193771626298;0.8646351560061624;0.9862068965517241;0.9930555555555556;143.0;2;1;0.9930555555555556;0.013793103448275862;0.006944444444444444;0.9903691411018372;0.7218408584594727
Capitan;SEILS;test;SAE_D3_RVH_Capitan;VH;0.3;0.2;250;votes;0.5;0.7;289;0.06971677559912853;0.6776705427877876;0.09411764705882353;0.05536332179930796;16.0;154;273;0.05536332179930796;0.9058823529411765;0.9446366782006921;0.012604700401425362;0.0043439255096018314
Capitan;FMT_C;test;SAE_D3_RVH_Capitan;VH;0.3;0.2;250;votes;0.5;0.7;311;0;0;0.0;0.0;0.0;0;311;0.0;0.0;1.0;0.0;0.0
Capitan;Capitan;val;SAE_D3_RVH_Capitan;VH;0.3;0.2;250;votes;0.75;0.3;121;0.9834710743801653;0.8743796714215304;0.9834710743801653;0.9834710743801653;119.0;2;2;0.9834710743801653;0.01652892561983471;0.01652892561983471;0.8460807800292969;0.5431512594223022
Capitan;Capitan;test;SAE_D3_RVH_Capitan;VH;0.3;0.2;250;votes;0.75;0.3;144;0.9829351535836178;0.8627119117334109;0.9664429530201343;1.0;144.0;5;0;1.0;0.03355704697986577;0.0;0.992717981338501;0.7327449917793274
Capitan;SEILS;test;SAE_D3_RVH_Capitan;VH;0.3;0.2;250;votes;0.75;0.3;289;0.04030226700251889;0.6129110624120377;0.07407407407407407;0.02768166089965398;8.0;100;281;0.02768166089965398;0.9259259259259259;0.972318339100346;0.005963336676359177;0.0016097886255010962
Capitan;FMT_C;test;SAE_D3_RVH_Capitan;VH;0.3;0.2;250;votes;0.75;0.3;311;0;0;0.0;0.0;0.0;1;311;0.0;1.0;1.0;0.0;0.0
Capitan;Capitan;val;SAE_D3_RVH_Capitan;VH;0.3;0.2;250;votes;1.0;0.1;121;0.6249999999999999;0.7797611837577182;0.5629139072847682;0.7024793388429752;85.0;66;36;0.7024793388429752;0.4370860927152318;0.2975206611570248;0.07264412939548492;0.029897797852754593
Capitan;Capitan;test;SAE_D3_RVH_Capitan;VH;0.3;0.2;250;votes;1.0;0.1;144;0.4797687861271676;0.7829890708874713;0.41089108910891087;0.5763888888888888;83.0;119;61;0.5763888888888888;0.5891089108910891;0.4236111111111111;0.2830178439617157;0.14167234301567078
Capitan;SEILS;test;SAE_D3_RVH_Capitan;VH;0.3;0.2;250;votes;1.0;0.1;289;0;0;0.0;0.0;0.0;0;289;0.0;0.0;1.0;0.0;0.0
Capitan;FMT_C;test;SAE_D3_RVH_Capitan;VH;0.3;0.2;250;votes;1.0;0.1;311;0;0;0.0;0.0;0.0;0;311;0.0;0.0;1.0;0.0;0.0
Capitan;Capitan;val;SAE_D3_RVH_Capitan;VH;0.3;0.3;250;votes;0.25;0.65;121;0.9836065573770492;0.8728545727545132;0.975609756097561;0.9917355371900827;120.0;3;1;0.9917355371900827;0.024390243902439025;0.008264462809917356;0.9484032392501831;0.6380366086959839
Capitan;Capitan;test;SAE_D3_RVH_Capitan;VH;0.3;0.3;250;votes;0.25;0.65;144;0.9896907216494846;0.8670463180487038;0.9795918367346939;1.0;144.0;3;0;1.0;0.02040816326530612;0.0;0.9944887757301331;0.7357788681983948
Capitan;SEILS;test;SAE_D3_RVH_Capitan;VH;0.3;0.3;250;votes;0.25;0.65;289;0.2613480055020633;0.6779611729926929;0.21689497716894976;0.328719723183391;95.0;343;194;0.328719723183391;0.7831050228310502;0.671280276816609;0.10620851069688797;0.03239073604345322
Capitan;FMT_C;test;SAE_D3_RVH_Capitan;VH;0.3;0.3;250;votes;0.25;0.65;311;0;0;0.0;0.0;0.0;1;311;0.0;1.0;1.0;0.0;0.0
Capitan;Capitan;val;SAE_D3_RVH_Capitan;VH;0.3;0.3;250;votes;0.5;0.3;121;0.9917355371900827;0.8759669363794406;0.9917355371900827;0.9917355371900827;120.0;1;1;0.9917355371900827;0.008264462809917356;0.008264462809917356;0.8985611796379089;0.5878598093986511
Capitan;Capitan;test;SAE_D3_RVH_Capitan;VH;0.3;0.3;250;votes;0.5;0.3;144;0.9795918367346939;0.8661868359280134;0.96;1.0;144.0;6;0;1.0;0.04;0.0;0.9922701120376587;0.7343315482139587
Capitan;SEILS;test;SAE_D3_RVH_Capitan;VH;0.3;0.3;250;votes;0.5;0.3;289;0.06451612903225808;0.5916449774214236;0.11403508771929824;0.04498269896193772;13.0;101;276;0.04498269896193772;0.8859649122807017;0.9550173010380623;0.010894653387367725;0.0023533375933766365
Capitan;FMT_C;test;SAE_D3_RVH_Capitan;VH;0.3;0.3;250;votes;0.5;0.3;311;0;0;0.0;0.0;0.0;1;311;0.0;1.0;1.0;0.0;0.0
Capitan;Capitan;val;SAE_D3_RVH_Capitan;VH;0.3;0.3;250;votes;0.75;0.15;121;0.9834710743801653;0.8747748954413196;0.9834710743801653;0.9834710743801653;119.0;2;2;0.9834710743801653;0.01652892561983471;0.01652892561983471;0.5785555839538574;0.32181409001350403
Capitan;Capitan;test;SAE_D3_RVH_Capitan;VH;0.3;0.3;250;votes;0.75;0.15;144;0.993103448275862;0.8632027278745146;0.9863013698630136;1.0;144.0;2;0;1.0;0.0136986301369863;0.0;0.9925286769866943;0.7266244292259216
Capitan;SEILS;test;SAE_D3_RVH_Capitan;VH;0.3;0.3;250;votes;0.75;0.15;289;0;0;0.0;0.0;0.0;20;289;0.0;1.0;1.0;0.0;0.0
Capitan;FMT_C;test;SAE_D3_RVH_Capitan;VH;0.3;0.3;250;votes;0.75;0.15;311;0;0;0.0;0.0;0.0;1;311;0.0;1.0;1.0;0.0;0.0
Capitan;Capitan;val;SAE_D3_RVH_Capitan;VH;0.3;0.3;250;votes;1.0;0.9;121;0;0;0.0;0.0;0.0;0;121;0.0;0.0;1.0;0.0;0.0
Capitan;Capitan;test;SAE_D3_RVH_Capitan;VH;0.3;0.3;250;votes;1.0;0.9;144;0;0;0.0;0.0;0.0;0;144;0.0;0.0;1.0;0.0;0.0
Capitan;SEILS;test;SAE_D3_RVH_Capitan;VH;0.3;0.3;250;votes;1.0;0.9;289;0;0;0.0;0.0;0.0;0;289;0.0;0.0;1.0;0.0;0.0
Capitan;FMT_C;test;SAE_D3_RVH_Capitan;VH;0.3;0.3;250;votes;1.0;0.9;311;0;0;0.0;0.0;0.0;0;311;0.0;0.0;1.0;0.0;0.0
Capitan;Capitan;val;SAE_D3_RVH_Capitan;VH;0.3;0.4;250;votes;0.25;0.5;121;0.9876543209876544;0.8786108244388516;0.9836065573770492;0.9917355371900827;120.0;2;1;0.9917355371900827;0.01639344262295082;0.008264462809917356;0.9372055530548096;0.6416546106338501
Capitan;Capitan;test;SAE_D3_RVH_Capitan;VH;0.3;0.4;250;votes;0.25;0.5;144;0.9829351535836178;0.870457892707866;0.9664429530201343;1.0;144.0;5;0;1.0;0.03355704697986577;0.0;0.9764922261238098;0.730509340763092
Capitan;SEILS;test;SAE_D3_RVH_Capitan;VH;0.3;0.4;250;votes;0.25;0.5;289;0.09282700421940929;0.6538899261576486;0.11891891891891893;0.07612456747404844;22.0;163;267;0.07612456747404844;0.8810810810810811;0.9238754325259516;0.025222981348633766;0.007081165909767151
Capitan;FMT_C;test;SAE_D3_RVH_Capitan;VH;0.3;0.4;250;votes;0.25;0.5;311;0;0;0.0;0.0;0.0;1;311;0.0;1.0;1.0;0.0;0.0
Capitan;Capitan;val;SAE_D3_RVH_Capitan;VH;0.3;0.4;250;votes;0.5;0.15;121;0.995850622406639;0.8746366918532658;1.0;0.9917355371900827;120.0;0;1;0.9917355371900827;0.0;0.008264462809917356;0.5827134251594543;0.31196850538253784
Capitan;Capitan;test;SAE_D3_RVH_Capitan;VH;0.3;0.4;250;votes;0.5;0.15;144;0.9896907216494846;0.868455460241925;0.9795918367346939;1.0;144.0;3;0;1.0;0.02040816326530612;0.0;0.9934124946594238;0.7348130941390991
Capitan;SEILS;test;SAE_D3_RVH_Capitan;VH;0.3;0.4;250;votes;0.5;0.15;289;0;0;0.0;0.0;0.0;20;289;0.0;1.0;1.0;0.0;0.0
Capitan;FMT_C;test;SAE_D3_RVH_Capitan;VH;0.3;0.4;250;votes;0.5;0.15;311;0;0;0.0;0.0;0.0;1;311;0.0;1.0;1.0;0.0;0.0
Capitan;Capitan;val;SAE_D3_RVH_Capitan;VH;0.3;0.4;250;votes;0.75;0.1;121;0.7307692307692307;0.7579267029220442;0.6834532374100719;0.7851239669421488;95.0;44;26;0.7851239669421488;0.31654676258992803;0.21487603305785125;0.05447760224342346;0.020102709531784058
Capitan;Capitan;test;SAE_D3_RVH_Capitan;VH;0.3;0.4;250;votes;0.75;0.1;144;0.6775244299674267;0.7609289912283932;0.6380368098159509;0.7222222222222222;104.0;59;40;0.7222222222222222;0.3619631901840491;0.2777777777777778;0.49420273303985596;0.2324916124343872
Capitan;SEILS;test;SAE_D3_RVH_Capitan;VH;0.3;0.4;250;votes;0.75;0.1;289;0;0;0.0;0.0;0.0;0;289;0.0;0.0;1.0;0.0;0.0
Capitan;FMT_C;test;SAE_D3_RVH_Capitan;VH;0.3;0.4;250;votes;0.75;0.1;311;0;0;0.0;0.0;0.0;0;311;0.0;0.0;1.0;0.0;0.0
Capitan;Capitan;val;SAE_D3_RVH_Capitan;VH;0.3;0.4;250;votes;1.0;0.9;121;0;0;0.0;0.0;0.0;0;121;0.0;0.0;1.0;0.0;0.0
Capitan;Capitan;test;SAE_D3_RVH_Capitan;VH;0.3;0.4;250;votes;1.0;0.9;144;0;0;0.0;0.0;0.0;0;144;0.0;0.0;1.0;0.0;0.0
Capitan;SEILS;test;SAE_D3_RVH_Capitan;VH;0.3;0.4;250;votes;1.0;0.9;289;0;0;0.0;0.0;0.0;0;289;0.0;0.0;1.0;0.0;0.0
Capitan;FMT_C;test;SAE_D3_RVH_Capitan;VH;0.3;0.4;250;votes;1.0;0.9;311;0;0;0.0;0.0;0.0;0;311;0.0;0.0;1.0;0.0;0.0
Capitan;Capitan;val;SAE_D3_RVH_Capitan;VH;0.3;0.5;250;votes;0.25;0.2;121;0.9836065573770492;0.8747669296055702;0.975609756097561;0.9917355371900827;120.0;3;1;0.9917355371900827;0.024390243902439025;0.008264462809917356;0.764283299446106;0.43963733315467834
Capitan;Capitan;test;SAE_D3_RVH_Capitan;VH;0.3;0.5;250;votes;0.25;0.2;144;0.9664429530201343;0.8695657388789242;0.935064935064935;1.0;144.0;10;0;1.0;0.06493506493506493;0.0;0.971059262752533;0.7244033813476562
Capitan;SEILS;test;SAE_D3_RVH_Capitan;VH;0.3;0.5;250;votes;0.25;0.2;289;0.04371584699453552;0.6632018642955007;0.1038961038961039;0.02768166089965398;8.0;69;281;0.02768166089965398;0.8961038961038961;0.972318339100346;0.008858131244778633;0.0032183427829295397
Capitan;FMT_C;test;SAE_D3_RVH_Capitan;VH;0.3;0.5;250;votes;0.25;0.2;311;0;0;0.0;0.0;0.0;4;311;0.0;1.0;1.0;0.0;0.0
Capitan;Capitan;val;SAE_D3_RVH_Capitan;VH;0.3;0.5;250;votes;0.5;0.1;121;0.48905109489051096;0.7228918009248547;0.43790849673202614;0.5537190082644629;67.0;86;54;0.5537190082644629;0.5620915032679739;0.4462809917355372;0.021806249395012856;0.0077093192376196384
Capitan;Capitan;test;SAE_D3_RVH_Capitan;VH;0.3;0.5;250;votes;0.5;0.1;144;0.48231511254019294;0.7300141548844221;0.4491017964071856;0.5208333333333334;75.0;92;69;0.5208333333333334;0.5508982035928144;0.4791666666666667;0.2809927463531494;0.11121882498264313
Capitan;SEILS;test;SAE_D3_RVH_Capitan;VH;0.3;0.5;250;votes;0.5;0.1;289;0;0;0.0;0.0;0.0;0;289;0.0;0.0;1.0;0.0;0.0
Capitan;FMT_C;test;SAE_D3_RVH_Capitan;VH;0.3;0.5;250;votes;0.5;0.1;311;0;0;0.0;0.0;0.0;0;311;0.0;0.0;1.0;0.0;0.0
Capitan;Capitan;val;SAE_D3_RVH_Capitan;VH;0.3;0.5;250;votes;0.75;0.1;121;0.016000000000000004;0.5186372069488953;0.25;0.008264462809917356;1.0;3;120;0.008264462809917356;0.75;0.9917355371900827;0.0001620482944417745;0.0003300330135971308
Capitan;Capitan;test;SAE_D3_RVH_Capitan;VH;0.3;0.5;250;votes;0.75;0.1;144;0.013245033112582781;0.5012630628553865;0.14285714285714285;0.006944444444444444;1.0;6;143;0.006944444444444444;0.8571428571428571;0.9930555555555556;0.0017361111240461469;0.0002475247601978481
Capitan;SEILS;test;SAE_D3_RVH_Capitan;VH;0.3;0.5;250;votes;0.75;0.1;289;0;0;0.0;0.0;0.0;0;289;0.0;0.0;1.0;0.0;0.0
Capitan;FMT_C;test;SAE_D3_RVH_Capitan;VH;0.3;0.5;250;votes;0.75;0.1;311;0;0;0.0;0.0;0.0;0;311;0.0;0.0;1.0;0.0;0.0
Capitan;Capitan;val;SAE_D3_RVH_Capitan;VH;0.3;0.5;250;votes;1.0;0.9;121;0;0;0.0;0.0;0.0;0;121;0.0;0.0;1.0;0.0;0.0
Capitan;Capitan;test;SAE_D3_RVH_Capitan;VH;0.3;0.5;250;votes;1.0;0.9;144;0;0;0.0;0.0;0.0;0;144;0.0;0.0;1.0;0.0;0.0
Capitan;SEILS;test;SAE_D3_RVH_Capitan;VH;0.3;0.5;250;votes;1.0;0.9;289;0;0;0.0;0.0;0.0;0;289;0.0;0.0;1.0;0.0;0.0
Capitan;FMT_C;test;SAE_D3_RVH_Capitan;VH;0.3;0.5;250;votes;1.0;0.9;311;0;0;0.0;0.0;0.0;0;311;0.0;0.0;1.0;0.0;0.0
