Source;Target;Partition;model;Resize;dropoutTrain;dropoutVal;Repetitions;Combination;VoteTH;BinTH;TotalGTBoxes;F1;IoU;Prec;Recall;TP;FP;FN;TP-norm;FP-norm;FN-norm;mAP;COCO
SEILS;SEILS;val;SAE_D2_RVH_SEILS;VH;0.2;0.1;250;votes;0.25;0.7;290;0.9428571428571428;0.8631560508129834;0.9777777777777777;0.9103448275862069;264.0;6;26;0.9103448275862069;0.022222222222222223;0.0896551724137931;0.8248628377914429;0.5013729333877563
SEILS;Capitan;test;SAE_D2_RVH_SEILS;VH;0.2;0.1;250;votes;0.25;0.7;144;0;0;0.0;0.0;0.0;9;144;0.0;1.0;1.0;0.0;0.0
SEILS;SEILS;test;SAE_D2_RVH_SEILS;VH;0.2;0.1;250;votes;0.25;0.7;289;0.932142857142857;0.877489505196655;0.9630996309963099;0.903114186851211;261.0;10;28;0.903114186851211;0.03690036900369004;0.09688581314878893;0.8718318939208984;0.6449235081672668
SEILS;FMT_C;test;SAE_D2_RVH_SEILS;VH;0.2;0.1;250;votes;0.25;0.7;311;0;0;0.0;0.0;0.0;0;311;0.0;0.0;1.0;0.0;0.0
SEILS;SEILS;val;SAE_D2_RVH_SEILS;VH;0.2;0.1;250;votes;0.5;0.6;290;0.9428571428571428;0.8644349040876561;0.9777777777777777;0.9103448275862069;264.0;6;26;0.9103448275862069;0.022222222222222223;0.0896551724137931;0.8457679152488708;0.5367809534072876
SEILS;Capitan;test;SAE_D2_RVH_SEILS;VH;0.2;0.1;250;votes;0.5;0.6;144;0;0;0.0;0.0;0.0;0;144;0.0;0.0;1.0;0.0;0.0
SEILS;SEILS;test;SAE_D2_RVH_SEILS;VH;0.2;0.1;250;votes;0.5;0.6;289;0.932142857142857;0.8791769977167196;0.9630996309963099;0.903114186851211;261.0;10;28;0.903114186851211;0.03690036900369004;0.09688581314878893;0.8719595670700073;0.6436697244644165
SEILS;FMT_C;test;SAE_D2_RVH_SEILS;VH;0.2;0.1;250;votes;0.5;0.6;311;0;0;0.0;0.0;0.0;0;311;0.0;0.0;1.0;0.0;0.0
SEILS;SEILS;val;SAE_D2_RVH_SEILS;VH;0.2;0.1;250;votes;0.75;0.5;290;0.9411764705882353;0.859132963819797;0.974169741697417;0.9103448275862069;264.0;7;26;0.9103448275862069;0.025830258302583026;0.0896551724137931;0.810290515422821;0.5070878267288208
SEILS;Capitan;test;SAE_D2_RVH_SEILS;VH;0.2;0.1;250;votes;0.75;0.5;144;0;0;0.0;0.0;0.0;0;144;0.0;0.0;1.0;0.0;0.0
SEILS;SEILS;test;SAE_D2_RVH_SEILS;VH;0.2;0.1;250;votes;0.75;0.5;289;0.9285714285714287;0.8754873839250427;0.959409594095941;0.8996539792387543;260.0;11;29;0.8996539792387543;0.04059040590405904;0.10034602076124567;0.8685120940208435;0.6411906480789185
SEILS;FMT_C;test;SAE_D2_RVH_SEILS;VH;0.2;0.1;250;votes;0.75;0.5;311;0;0;0.0;0.0;0.0;0;311;0.0;0.0;1.0;0.0;0.0
SEILS;SEILS;val;SAE_D2_RVH_SEILS;VH;0.2;0.1;250;votes;1.0;0.1;290;0.7452991452991453;0.8027958145136812;0.7389830508474576;0.7517241379310344;218.0;77;72;0.7517241379310344;0.26101694915254237;0.2482758620689655;0.12070512771606445;0.05604889243841171
SEILS;Capitan;test;SAE_D2_RVH_SEILS;VH;0.2;0.1;250;votes;1.0;0.1;144;0;0;0.0;0.0;0.0;0;144;0.0;0.0;1.0;0.0;0.0
SEILS;SEILS;test;SAE_D2_RVH_SEILS;VH;0.2;0.1;250;votes;1.0;0.1;289;0.7408637873754154;0.7994507119409213;0.7124600638977636;0.7716262975778547;223.0;90;66;0.7716262975778547;0.28753993610223644;0.22837370242214533;0.6059189438819885;0.33351200819015503
SEILS;FMT_C;test;SAE_D2_RVH_SEILS;VH;0.2;0.1;250;votes;1.0;0.1;311;0;0;0.0;0.0;0.0;0;311;0.0;0.0;1.0;0.0;0.0
SEILS;SEILS;val;SAE_D2_RVH_SEILS;VH;0.2;0.2;250;votes;0.25;0.7;290;0.9428571428571428;0.8600486796978317;0.9777777777777777;0.9103448275862069;264.0;6;26;0.9103448275862069;0.022222222222222223;0.0896551724137931;0.8053693175315857;0.48757046461105347
SEILS;Capitan;test;SAE_D2_RVH_SEILS;VH;0.2;0.2;250;votes;0.25;0.7;144;0;0;0.0;0.0;0.0;0;144;0.0;0.0;1.0;0.0;0.0
SEILS;SEILS;test;SAE_D2_RVH_SEILS;VH;0.2;0.2;250;votes;0.25;0.7;289;0.932142857142857;0.8774042241664146;0.9630996309963099;0.903114186851211;261.0;10;28;0.903114186851211;0.03690036900369004;0.09688581314878893;0.8710657954216003;0.6430783867835999
SEILS;FMT_C;test;SAE_D2_RVH_SEILS;VH;0.2;0.2;250;votes;0.25;0.7;311;0;0;0.0;0.0;0.0;0;311;0.0;0.0;1.0;0.0;0.0
SEILS;SEILS;val;SAE_D2_RVH_SEILS;VH;0.2;0.2;250;votes;0.5;0.45;290;0.9392857142857144;0.8626102260767148;0.9740740740740741;0.906896551724138;263.0;7;27;0.906896551724138;0.025925925925925925;0.09310344827586207;0.8179068565368652;0.5101999044418335
SEILS;Capitan;test;SAE_D2_RVH_SEILS;VH;0.2;0.2;250;votes;0.5;0.45;144;0;0;0.0;0.0;0.0;0;144;0.0;0.0;1.0;0.0;0.0
SEILS;SEILS;test;SAE_D2_RVH_SEILS;VH;0.2;0.2;250;votes;0.5;0.45;289;0.932142857142857;0.8747931233975932;0.9630996309963099;0.903114186851211;261.0;10;28;0.903114186851211;0.03690036900369004;0.09688581314878893;0.8777308464050293;0.6430429816246033
SEILS;FMT_C;test;SAE_D2_RVH_SEILS;VH;0.2;0.2;250;votes;0.5;0.45;311;0;0;0.0;0.0;0.0;0;311;0.0;0.0;1.0;0.0;0.0
SEILS;SEILS;val;SAE_D2_RVH_SEILS;VH;0.2;0.2;250;votes;0.75;0.3;290;0.9271758436944938;0.8407774182792126;0.9560439560439561;0.9;261.0;12;29;0.9;0.04395604395604396;0.1;0.6168965101242065;0.3413446545600891
SEILS;Capitan;test;SAE_D2_RVH_SEILS;VH;0.2;0.2;250;votes;0.75;0.3;144;0;0;0.0;0.0;0.0;0;144;0.0;0.0;1.0;0.0;0.0
SEILS;SEILS;test;SAE_D2_RVH_SEILS;VH;0.2;0.2;250;votes;0.75;0.3;289;0.9217081850533807;0.8573040004545179;0.9487179487179487;0.8961937716262975;259.0;14;30;0.8961937716262975;0.05128205128205128;0.10380622837370242;0.8603847026824951;0.5977005958557129
SEILS;FMT_C;test;SAE_D2_RVH_SEILS;VH;0.2;0.2;250;votes;0.75;0.3;311;0;0;0.0;0.0;0.0;0;311;0.0;0.0;1.0;0.0;0.0
SEILS;SEILS;val;SAE_D2_RVH_SEILS;VH;0.2;0.2;250;votes;1.0;0.9;290;0;0;0.0;0.0;0.0;0;290;0.0;0.0;1.0;0.0;0.0
SEILS;Capitan;test;SAE_D2_RVH_SEILS;VH;0.2;0.2;250;votes;1.0;0.9;144;0;0;0.0;0.0;0.0;0;144;0.0;0.0;1.0;0.0;0.0
SEILS;SEILS;test;SAE_D2_RVH_SEILS;VH;0.2;0.2;250;votes;1.0;0.9;289;0;0;0.0;0.0;0.0;0;289;0.0;0.0;1.0;0.0;0.0
SEILS;FMT_C;test;SAE_D2_RVH_SEILS;VH;0.2;0.2;250;votes;1.0;0.9;311;0;0;0.0;0.0;0.0;0;311;0.0;0.0;1.0;0.0;0.0
SEILS;SEILS;val;SAE_D2_RVH_SEILS;VH;0.2;0.3;250;votes;0.25;0.6;290;0.9411764705882353;0.8608002084928866;0.974169741697417;0.9103448275862069;264.0;7;26;0.9103448275862069;0.025830258302583026;0.0896551724137931;0.810996949672699;0.4983721673488617
SEILS;Capitan;test;SAE_D2_RVH_SEILS;VH;0.2;0.3;250;votes;0.25;0.6;144;0;0;0.0;0.0;0.0;0;144;0.0;0.0;1.0;0.0;0.0
SEILS;SEILS;test;SAE_D2_RVH_SEILS;VH;0.2;0.3;250;votes;0.25;0.6;289;0.932142857142857;0.8785819482133835;0.9630996309963099;0.903114186851211;261.0;10;28;0.903114186851211;0.03690036900369004;0.09688581314878893;0.877594530582428;0.6426660418510437
SEILS;FMT_C;test;SAE_D2_RVH_SEILS;VH;0.2;0.3;250;votes;0.25;0.6;311;0;0;0.0;0.0;0.0;0;311;0.0;0.0;1.0;0.0;0.0
SEILS;SEILS;val;SAE_D2_RVH_SEILS;VH;0.2;0.3;250;votes;0.5;0.15;290;0.9233511586452764;0.8508329927373438;0.955719557195572;0.8931034482758621;259.0;12;31;0.8931034482758621;0.04428044280442804;0.10689655172413794;0.574417233467102;0.307027131319046
SEILS;Capitan;test;SAE_D2_RVH_SEILS;VH;0.2;0.3;250;votes;0.5;0.15;144;0;0;0.0;0.0;0.0;0;144;0.0;0.0;1.0;0.0;0.0
SEILS;SEILS;test;SAE_D2_RVH_SEILS;VH;0.2;0.3;250;votes;0.5;0.15;289;0.9214285714285715;0.8595963031720795;0.9520295202952029;0.8927335640138409;258.0;13;31;0.8927335640138409;0.04797047970479705;0.10726643598615918;0.8558512926101685;0.6001859307289124
SEILS;FMT_C;test;SAE_D2_RVH_SEILS;VH;0.2;0.3;250;votes;0.5;0.15;311;0;0;0.0;0.0;0.0;0;311;0.0;0.0;1.0;0.0;0.0
SEILS;SEILS;val;SAE_D2_RVH_SEILS;VH;0.2;0.3;250;votes;0.75;0.1;290;0.7406143344709898;0.7954071740726172;0.7331081081081081;0.7482758620689656;217.0;79;73;0.7482758620689656;0.2668918918918919;0.2517241379310345;0.06626112759113312;0.026953142136335373
SEILS;Capitan;test;SAE_D2_RVH_SEILS;VH;0.2;0.3;250;votes;0.75;0.1;144;0;0;0.0;0.0;0.0;0;144;0.0;0.0;1.0;0.0;0.0
SEILS;SEILS;test;SAE_D2_RVH_SEILS;VH;0.2;0.3;250;votes;0.75;0.1;289;0.7033333333333333;0.7963538564520128;0.6784565916398714;0.7301038062283737;211.0;100;78;0.7301038062283737;0.3215434083601286;0.2698961937716263;0.5529765486717224;0.2995198369026184
SEILS;FMT_C;test;SAE_D2_RVH_SEILS;VH;0.2;0.3;250;votes;0.75;0.1;311;0;0;0.0;0.0;0.0;0;311;0.0;0.0;1.0;0.0;0.0
SEILS;SEILS;val;SAE_D2_RVH_SEILS;VH;0.2;0.3;250;votes;1.0;0.9;290;0;0;0.0;0.0;0.0;0;290;0.0;0.0;1.0;0.0;0.0
SEILS;Capitan;test;SAE_D2_RVH_SEILS;VH;0.2;0.3;250;votes;1.0;0.9;144;0;0;0.0;0.0;0.0;0;144;0.0;0.0;1.0;0.0;0.0
SEILS;SEILS;test;SAE_D2_RVH_SEILS;VH;0.2;0.3;250;votes;1.0;0.9;289;0;0;0.0;0.0;0.0;0;289;0.0;0.0;1.0;0.0;0.0
SEILS;FMT_C;test;SAE_D2_RVH_SEILS;VH;0.2;0.3;250;votes;1.0;0.9;311;0;0;0.0;0.0;0.0;0;311;0.0;0.0;1.0;0.0;0.0
SEILS;SEILS;val;SAE_D2_RVH_SEILS;VH;0.2;0.4;250;votes;0.25;0.2;290;0.9285714285714286;0.8608094790982257;0.9629629629629629;0.896551724137931;260.0;10;30;0.896551724137931;0.037037037037037035;0.10344827586206896;0.6287539005279541;0.33660992980003357
SEILS;Capitan;test;SAE_D2_RVH_SEILS;VH;0.2;0.4;250;votes;0.25;0.2;144;0;0;0.0;0.0;0.0;4;144;0.0;1.0;1.0;0.0;0.0
SEILS;SEILS;test;SAE_D2_RVH_SEILS;VH;0.2;0.4;250;votes;0.25;0.2;289;0.9214285714285715;0.8660345360869265;0.9520295202952029;0.8927335640138409;258.0;13;31;0.8927335640138409;0.04797047970479705;0.10726643598615918;0.8593872785568237;0.6030187606811523
SEILS;FMT_C;test;SAE_D2_RVH_SEILS;VH;0.2;0.4;250;votes;0.25;0.2;311;0;0;0.0;0.0;0.0;0;311;0.0;0.0;1.0;0.0;0.0
SEILS;SEILS;val;SAE_D2_RVH_SEILS;VH;0.2;0.4;250;votes;0.5;0.1;290;0.4343598055105349;0.7290442849848564;0.40978593272171254;0.46206896551724136;134.0;193;156;0.46206896551724136;0.5902140672782875;0.5379310344827586;0.014856352470815182;0.005820108577609062
SEILS;Capitan;test;SAE_D2_RVH_SEILS;VH;0.2;0.4;250;votes;0.5;0.1;144;0;0;0.0;0.0;0.0;0;144;0.0;0.0;1.0;0.0;0.0
SEILS;SEILS;test;SAE_D2_RVH_SEILS;VH;0.2;0.4;250;votes;0.5;0.1;289;0.4688995215311005;0.726138063149576;0.4349112426035503;0.5086505190311419;147.0;191;142;0.5086505190311419;0.5650887573964497;0.4913494809688581;0.27720507979393005;0.1158313900232315
SEILS;FMT_C;test;SAE_D2_RVH_SEILS;VH;0.2;0.4;250;votes;0.5;0.1;311;0;0;0.0;0.0;0.0;0;311;0.0;0.0;1.0;0.0;0.0
SEILS;SEILS;val;SAE_D2_RVH_SEILS;VH;0.2;0.4;250;votes;0.75;0.9;290;0;0;0.0;0.0;0.0;0;290;0.0;0.0;1.0;0.0;0.0
SEILS;Capitan;test;SAE_D2_RVH_SEILS;VH;0.2;0.4;250;votes;0.75;0.9;144;0;0;0.0;0.0;0.0;0;144;0.0;0.0;1.0;0.0;0.0
SEILS;SEILS;test;SAE_D2_RVH_SEILS;VH;0.2;0.4;250;votes;0.75;0.9;289;0;0;0.0;0.0;0.0;0;289;0.0;0.0;1.0;0.0;0.0
SEILS;FMT_C;test;SAE_D2_RVH_SEILS;VH;0.2;0.4;250;votes;0.75;0.9;311;0;0;0.0;0.0;0.0;0;311;0.0;0.0;1.0;0.0;0.0
SEILS;SEILS;val;SAE_D2_RVH_SEILS;VH;0.2;0.4;250;votes;1.0;0.9;290;0;0;0.0;0.0;0.0;0;290;0.0;0.0;1.0;0.0;0.0
SEILS;Capitan;test;SAE_D2_RVH_SEILS;VH;0.2;0.4;250;votes;1.0;0.9;144;0;0;0.0;0.0;0.0;0;144;0.0;0.0;1.0;0.0;0.0
SEILS;SEILS;test;SAE_D2_RVH_SEILS;VH;0.2;0.4;250;votes;1.0;0.9;289;0;0;0.0;0.0;0.0;0;289;0.0;0.0;1.0;0.0;0.0
SEILS;FMT_C;test;SAE_D2_RVH_SEILS;VH;0.2;0.4;250;votes;1.0;0.9;311;0;0;0.0;0.0;0.0;0;311;0.0;0.0;1.0;0.0;0.0
SEILS;SEILS;val;SAE_D2_RVH_SEILS;VH;0.2;0.5;250;votes;0.25;0.1;290;0.27598566308243727;0.6967137404333913;0.2873134328358209;0.2655172413793103;77.0;191;213;0.2655172413793103;0.7126865671641791;0.7344827586206897;0.00932456087321043;0.0034590892028063536
SEILS;Capitan;test;SAE_D2_RVH_SEILS;VH;0.2;0.5;250;votes;0.25;0.1;144;0;0;0.0;0.0;0.0;0;144;0.0;0.0;1.0;0.0;0.0
SEILS;SEILS;test;SAE_D2_RVH_SEILS;VH;0.2;0.5;250;votes;0.25;0.1;289;0.2735346358792185;0.6921478431459438;0.28102189781021897;0.2664359861591695;77.0;197;212;0.2664359861591695;0.718978102189781;0.7335640138408305;0.11203079670667648;0.040403835475444794
SEILS;FMT_C;test;SAE_D2_RVH_SEILS;VH;0.2;0.5;250;votes;0.25;0.1;311;0;0;0.0;0.0;0.0;0;311;0.0;0.0;1.0;0.0;0.0
SEILS;SEILS;val;SAE_D2_RVH_SEILS;VH;0.2;0.5;250;votes;0.5;0.9;290;0;0;0.0;0.0;0.0;0;290;0.0;0.0;1.0;0.0;0.0
SEILS;Capitan;test;SAE_D2_RVH_SEILS;VH;0.2;0.5;250;votes;0.5;0.9;144;0;0;0.0;0.0;0.0;0;144;0.0;0.0;1.0;0.0;0.0
SEILS;SEILS;test;SAE_D2_RVH_SEILS;VH;0.2;0.5;250;votes;0.5;0.9;289;0;0;0.0;0.0;0.0;0;289;0.0;0.0;1.0;0.0;0.0
SEILS;FMT_C;test;SAE_D2_RVH_SEILS;VH;0.2;0.5;250;votes;0.5;0.9;311;0;0;0.0;0.0;0.0;0;311;0.0;0.0;1.0;0.0;0.0
SEILS;SEILS;val;SAE_D2_RVH_SEILS;VH;0.2;0.5;250;votes;0.75;0.9;290;0;0;0.0;0.0;0.0;0;290;0.0;0.0;1.0;0.0;0.0
SEILS;Capitan;test;SAE_D2_RVH_SEILS;VH;0.2;0.5;250;votes;0.75;0.9;144;0;0;0.0;0.0;0.0;0;144;0.0;0.0;1.0;0.0;0.0
SEILS;SEILS;test;SAE_D2_RVH_SEILS;VH;0.2;0.5;250;votes;0.75;0.9;289;0;0;0.0;0.0;0.0;0;289;0.0;0.0;1.0;0.0;0.0
SEILS;FMT_C;test;SAE_D2_RVH_SEILS;VH;0.2;0.5;250;votes;0.75;0.9;311;0;0;0.0;0.0;0.0;0;311;0.0;0.0;1.0;0.0;0.0
SEILS;SEILS;val;SAE_D2_RVH_SEILS;VH;0.2;0.5;250;votes;1.0;0.9;290;0;0;0.0;0.0;0.0;0;290;0.0;0.0;1.0;0.0;0.0
SEILS;Capitan;test;SAE_D2_RVH_SEILS;VH;0.2;0.5;250;votes;1.0;0.9;144;0;0;0.0;0.0;0.0;0;144;0.0;0.0;1.0;0.0;0.0
SEILS;SEILS;test;SAE_D2_RVH_SEILS;VH;0.2;0.5;250;votes;1.0;0.9;289;0;0;0.0;0.0;0.0;0;289;0.0;0.0;1.0;0.0;0.0
SEILS;FMT_C;test;SAE_D2_RVH_SEILS;VH;0.2;0.5;250;votes;1.0;0.9;311;0;0;0.0;0.0;0.0;0;311;0.0;0.0;1.0;0.0;0.0
SEILS;SEILS;val;SAE_D2_RVH_SEILS;VH;0.2;0.1;500;votes;0.25;0.7;290;0.9428571428571428;0.8631730475703919;0.9777777777777777;0.9103448275862069;264.0;6;26;0.9103448275862069;0.022222222222222223;0.0896551724137931;0.8237593770027161;0.5007683038711548
SEILS;Capitan;test;SAE_D2_RVH_SEILS;VH;0.2;0.1;500;votes;0.25;0.7;144;0;0;0.0;0.0;0.0;7;144;0.0;1.0;1.0;0.0;0.0
SEILS;SEILS;test;SAE_D2_RVH_SEILS;VH;0.2;0.1;500;votes;0.25;0.7;289;0.9338103756708407;0.8780915455459439;0.9666666666666667;0.903114186851211;261.0;9;28;0.903114186851211;0.03333333333333333;0.09688581314878893;0.874740481376648;0.6455137133598328
SEILS;FMT_C;test;SAE_D2_RVH_SEILS;VH;0.2;0.1;500;votes;0.25;0.7;311;0;0;0.0;0.0;0.0;0;311;0.0;0.0;1.0;0.0;0.0
SEILS;SEILS;val;SAE_D2_RVH_SEILS;VH;0.2;0.1;500;votes;0.5;0.65;290;0.9428571428571428;0.8654111548954737;0.9777777777777777;0.9103448275862069;264.0;6;26;0.9103448275862069;0.022222222222222223;0.0896551724137931;0.8440291881561279;0.5367973446846008
SEILS;Capitan;test;SAE_D2_RVH_SEILS;VH;0.2;0.1;500;votes;0.5;0.65;144;0;0;0.0;0.0;0.0;0;144;0.0;0.0;1.0;0.0;0.0
SEILS;SEILS;test;SAE_D2_RVH_SEILS;VH;0.2;0.1;500;votes;0.5;0.65;289;0.932142857142857;0.8775934583623145;0.9630996309963099;0.903114186851211;261.0;10;28;0.903114186851211;0.03690036900369004;0.09688581314878893;0.8734535574913025;0.6430246829986572
SEILS;FMT_C;test;SAE_D2_RVH_SEILS;VH;0.2;0.1;500;votes;0.5;0.65;311;0;0;0.0;0.0;0.0;0;311;0.0;0.0;1.0;0.0;0.0
SEILS;SEILS;val;SAE_D2_RVH_SEILS;VH;0.2;0.1;500;votes;0.75;0.45;290;0.9411764705882353;0.8616025662190987;0.974169741697417;0.9103448275862069;264.0;7;26;0.9103448275862069;0.025830258302583026;0.0896551724137931;0.8143259882926941;0.5098459124565125
SEILS;Capitan;test;SAE_D2_RVH_SEILS;VH;0.2;0.1;500;votes;0.75;0.45;144;0;0;0.0;0.0;0.0;0;144;0.0;0.0;1.0;0.0;0.0
SEILS;SEILS;test;SAE_D2_RVH_SEILS;VH;0.2;0.1;500;votes;0.75;0.45;289;0.9285714285714287;0.8759472278808783;0.959409594095941;0.8996539792387543;260.0;11;29;0.8996539792387543;0.04059040590405904;0.10034602076124567;0.8734577298164368;0.6433295011520386
SEILS;FMT_C;test;SAE_D2_RVH_SEILS;VH;0.2;0.1;500;votes;0.75;0.45;311;0;0;0.0;0.0;0.0;0;311;0.0;0.0;1.0;0.0;0.0
SEILS;SEILS;val;SAE_D2_RVH_SEILS;VH;0.2;0.1;500;votes;1.0;0.1;290;0.6380165289256199;0.7924836137362822;0.6126984126984127;0.6655172413793103;193.0;122;97;0.6655172413793103;0.3873015873015873;0.33448275862068966;0.07637809216976166;0.03322967141866684
SEILS;Capitan;test;SAE_D2_RVH_SEILS;VH;0.2;0.1;500;votes;1.0;0.1;144;0;0;0.0;0.0;0.0;0;144;0.0;0.0;1.0;0.0;0.0
SEILS;SEILS;test;SAE_D2_RVH_SEILS;VH;0.2;0.1;500;votes;1.0;0.1;289;0.6324503311258278;0.8004110683074277;0.6063492063492063;0.6608996539792388;191.0;124;98;0.6608996539792388;0.39365079365079364;0.3391003460207612;0.45767179131507874;0.251475989818573
SEILS;FMT_C;test;SAE_D2_RVH_SEILS;VH;0.2;0.1;500;votes;1.0;0.1;311;0;0;0.0;0.0;0.0;0;311;0.0;0.0;1.0;0.0;0.0
SEILS;SEILS;val;SAE_D2_RVH_SEILS;VH;0.2;0.2;500;votes;0.25;0.7;290;0.9428571428571428;0.861880224033158;0.9777777777777777;0.9103448275862069;264.0;6;26;0.9103448275862069;0.022222222222222223;0.0896551724137931;0.8115890026092529;0.49199098348617554
SEILS;Capitan;test;SAE_D2_RVH_SEILS;VH;0.2;0.2;500;votes;0.25;0.7;144;0;0;0.0;0.0;0.0;0;144;0.0;0.0;1.0;0.0;0.0
SEILS;SEILS;test;SAE_D2_RVH_SEILS;VH;0.2;0.2;500;votes;0.25;0.7;289;0.9357142857142858;0.8768305317552503;0.966789667896679;0.9065743944636678;262.0;9;27;0.9065743944636678;0.033210332103321034;0.09342560553633218;0.8771562576293945;0.6417762041091919
SEILS;FMT_C;test;SAE_D2_RVH_SEILS;VH;0.2;0.2;500;votes;0.25;0.7;311;0;0;0.0;0.0;0.0;0;311;0.0;0.0;1.0;0.0;0.0
SEILS;SEILS;val;SAE_D2_RVH_SEILS;VH;0.2;0.2;500;votes;0.5;0.5;290;0.9395017793594306;0.8599704932812662;0.9705882352941176;0.9103448275862069;264.0;8;26;0.9103448275862069;0.029411764705882353;0.0896551724137931;0.8176050186157227;0.5106969475746155
SEILS;Capitan;test;SAE_D2_RVH_SEILS;VH;0.2;0.2;500;votes;0.5;0.5;144;0;0;0.0;0.0;0.0;0;144;0.0;0.0;1.0;0.0;0.0
SEILS;SEILS;test;SAE_D2_RVH_SEILS;VH;0.2;0.2;500;votes;0.5;0.5;289;0.932142857142857;0.8746343499938455;0.9630996309963099;0.903114186851211;261.0;10;28;0.903114186851211;0.03690036900369004;0.09688581314878893;0.8732345700263977;0.6417117118835449
SEILS;FMT_C;test;SAE_D2_RVH_SEILS;VH;0.2;0.2;500;votes;0.5;0.5;311;0;0;0.0;0.0;0.0;0;311;0.0;0.0;1.0;0.0;0.0
SEILS;SEILS;val;SAE_D2_RVH_SEILS;VH;0.2;0.2;500;votes;0.75;0.15;290;0.9269162210338682;0.8466147169685707;0.959409594095941;0.896551724137931;260.0;11;30;0.896551724137931;0.04059040590405904;0.10344827586206896;0.6071166396141052;0.338295042514801
SEILS;Capitan;test;SAE_D2_RVH_SEILS;VH;0.2;0.2;500;votes;0.75;0.15;144;0;0;0.0;0.0;0.0;0;144;0.0;0.0;1.0;0.0;0.0
SEILS;SEILS;test;SAE_D2_RVH_SEILS;VH;0.2;0.2;500;votes;0.75;0.15;289;0.9269162210338681;0.8512851342570962;0.9558823529411765;0.8996539792387543;260.0;12;29;0.8996539792387543;0.04411764705882353;0.10034602076124567;0.863213300704956;0.5944172739982605
SEILS;FMT_C;test;SAE_D2_RVH_SEILS;VH;0.2;0.2;500;votes;0.75;0.15;311;0;0;0.0;0.0;0.0;0;311;0.0;0.0;1.0;0.0;0.0
SEILS;SEILS;val;SAE_D2_RVH_SEILS;VH;0.2;0.2;500;votes;1.0;0.9;290;0;0;0.0;0.0;0.0;0;290;0.0;0.0;1.0;0.0;0.0
SEILS;Capitan;test;SAE_D2_RVH_SEILS;VH;0.2;0.2;500;votes;1.0;0.9;144;0;0;0.0;0.0;0.0;0;144;0.0;0.0;1.0;0.0;0.0
SEILS;SEILS;test;SAE_D2_RVH_SEILS;VH;0.2;0.2;500;votes;1.0;0.9;289;0;0;0.0;0.0;0.0;0;289;0.0;0.0;1.0;0.0;0.0
SEILS;FMT_C;test;SAE_D2_RVH_SEILS;VH;0.2;0.2;500;votes;1.0;0.9;311;0;0;0.0;0.0;0.0;0;311;0.0;0.0;1.0;0.0;0.0
SEILS;SEILS;val;SAE_D2_RVH_SEILS;VH;0.2;0.3;500;votes;0.25;0.65;290;0.9428571428571428;0.8594176287731174;0.9777777777777777;0.9103448275862069;264.0;6;26;0.9103448275862069;0.022222222222222223;0.0896551724137931;0.8136787414550781;0.5058533549308777
SEILS;Capitan;test;SAE_D2_RVH_SEILS;VH;0.2;0.3;500;votes;0.25;0.65;144;0;0;0.0;0.0;0.0;0;144;0.0;0.0;1.0;0.0;0.0
SEILS;SEILS;test;SAE_D2_RVH_SEILS;VH;0.2;0.3;500;votes;0.25;0.65;289;0.932142857142857;0.8765815087050496;0.9630996309963099;0.903114186851211;261.0;10;28;0.903114186851211;0.03690036900369004;0.09688581314878893;0.8718878030776978;0.6394547820091248
SEILS;FMT_C;test;SAE_D2_RVH_SEILS;VH;0.2;0.3;500;votes;0.25;0.65;311;0;0;0.0;0.0;0.0;0;311;0.0;0.0;1.0;0.0;0.0
SEILS;SEILS;val;SAE_D2_RVH_SEILS;VH;0.2;0.3;500;votes;0.5;0.2;290;0.9217081850533807;0.8520840877055081;0.9522058823529411;0.8931034482758621;259.0;13;31;0.8931034482758621;0.04779411764705882;0.10689655172413794;0.5748002529144287;0.30919378995895386
SEILS;Capitan;test;SAE_D2_RVH_SEILS;VH;0.2;0.3;500;votes;0.5;0.2;144;0;0;0.0;0.0;0.0;0;144;0.0;0.0;1.0;0.0;0.0
SEILS;SEILS;test;SAE_D2_RVH_SEILS;VH;0.2;0.3;500;votes;0.5;0.2;289;0.9250000000000002;0.8628540945841588;0.955719557195572;0.8961937716262975;259.0;12;30;0.8961937716262975;0.04428044280442804;0.10380622837370242;0.8617865443229675;0.6109045743942261
SEILS;FMT_C;test;SAE_D2_RVH_SEILS;VH;0.2;0.3;500;votes;0.5;0.2;311;0;0;0.0;0.0;0.0;0;311;0.0;0.0;1.0;0.0;0.0
SEILS;SEILS;val;SAE_D2_RVH_SEILS;VH;0.2;0.3;500;votes;0.75;0.1;290;0.7643979057591622;0.7974733907736598;0.773851590106007;0.7551724137931034;219.0;64;71;0.7551724137931034;0.22614840989399293;0.24482758620689654;0.05644161254167557;0.02349882200360298
SEILS;Capitan;test;SAE_D2_RVH_SEILS;VH;0.2;0.3;500;votes;0.75;0.1;144;0;0;0.0;0.0;0.0;0;144;0.0;0.0;1.0;0.0;0.0
SEILS;SEILS;test;SAE_D2_RVH_SEILS;VH;0.2;0.3;500;votes;0.75;0.1;289;0.7348993288590604;0.7909682107294341;0.7133550488599348;0.7577854671280276;219.0;88;70;0.7577854671280276;0.28664495114006516;0.2422145328719723;0.6034162044525146;0.32344716787338257
SEILS;FMT_C;test;SAE_D2_RVH_SEILS;VH;0.2;0.3;500;votes;0.75;0.1;311;0;0;0.0;0.0;0.0;0;311;0.0;0.0;1.0;0.0;0.0
SEILS;SEILS;val;SAE_D2_RVH_SEILS;VH;0.2;0.3;500;votes;1.0;0.9;290;0;0;0.0;0.0;0.0;0;290;0.0;0.0;1.0;0.0;0.0
SEILS;Capitan;test;SAE_D2_RVH_SEILS;VH;0.2;0.3;500;votes;1.0;0.9;144;0;0;0.0;0.0;0.0;0;144;0.0;0.0;1.0;0.0;0.0
SEILS;SEILS;test;SAE_D2_RVH_SEILS;VH;0.2;0.3;500;votes;1.0;0.9;289;0;0;0.0;0.0;0.0;0;289;0.0;0.0;1.0;0.0;0.0
SEILS;FMT_C;test;SAE_D2_RVH_SEILS;VH;0.2;0.3;500;votes;1.0;0.9;311;0;0;0.0;0.0;0.0;0;311;0.0;0.0;1.0;0.0;0.0
SEILS;SEILS;val;SAE_D2_RVH_SEILS;VH;0.2;0.4;500;votes;0.25;0.2;290;0.930232558139535;0.8649546601471967;0.966542750929368;0.896551724137931;260.0;9;30;0.896551724137931;0.03345724907063197;0.10344827586206896;0.6326889991760254;0.34056901931762695
SEILS;Capitan;test;SAE_D2_RVH_SEILS;VH;0.2;0.4;500;votes;0.25;0.2;144;0;0;0.0;0.0;0.0;0;144;0.0;0.0;1.0;0.0;0.0
SEILS;SEILS;test;SAE_D2_RVH_SEILS;VH;0.2;0.4;500;votes;0.25;0.2;289;0.9266547406082289;0.8716225458034129;0.9592592592592593;0.8961937716262975;259.0;11;30;0.8961937716262975;0.040740740740740744;0.10380622837370242;0.8631775379180908;0.6228308081626892
SEILS;FMT_C;test;SAE_D2_RVH_SEILS;VH;0.2;0.4;500;votes;0.25;0.2;311;0;0;0.0;0.0;0.0;0;311;0.0;0.0;1.0;0.0;0.0
SEILS;SEILS;val;SAE_D2_RVH_SEILS;VH;0.2;0.4;500;votes;0.5;0.1;290;0.44408427876823336;0.7102213201135209;0.41896024464831805;0.4724137931034483;137.0;190;153;0.4724137931034483;0.581039755351682;0.5275862068965518;0.014725767076015472;0.005517151672393084
SEILS;Capitan;test;SAE_D2_RVH_SEILS;VH;0.2;0.4;500;votes;0.5;0.1;144;0;0;0.0;0.0;0.0;0;144;0.0;0.0;1.0;0.0;0.0
SEILS;SEILS;test;SAE_D2_RVH_SEILS;VH;0.2;0.4;500;votes;0.5;0.1;289;0.4578696343402226;0.7193665672849611;0.4235294117647059;0.4982698961937716;144.0;196;145;0.4982698961937716;0.5764705882352941;0.5017301038062284;0.2983856797218323;0.12335772812366486
SEILS;FMT_C;test;SAE_D2_RVH_SEILS;VH;0.2;0.4;500;votes;0.5;0.1;311;0;0;0.0;0.0;0.0;0;311;0.0;0.0;1.0;0.0;0.0
SEILS;SEILS;val;SAE_D2_RVH_SEILS;VH;0.2;0.4;500;votes;0.75;0.9;290;0;0;0.0;0.0;0.0;0;290;0.0;0.0;1.0;0.0;0.0
SEILS;Capitan;test;SAE_D2_RVH_SEILS;VH;0.2;0.4;500;votes;0.75;0.9;144;0;0;0.0;0.0;0.0;0;144;0.0;0.0;1.0;0.0;0.0
SEILS;SEILS;test;SAE_D2_RVH_SEILS;VH;0.2;0.4;500;votes;0.75;0.9;289;0;0;0.0;0.0;0.0;0;289;0.0;0.0;1.0;0.0;0.0
SEILS;FMT_C;test;SAE_D2_RVH_SEILS;VH;0.2;0.4;500;votes;0.75;0.9;311;0;0;0.0;0.0;0.0;0;311;0.0;0.0;1.0;0.0;0.0
SEILS;SEILS;val;SAE_D2_RVH_SEILS;VH;0.2;0.4;500;votes;1.0;0.9;290;0;0;0.0;0.0;0.0;0;290;0.0;0.0;1.0;0.0;0.0
SEILS;Capitan;test;SAE_D2_RVH_SEILS;VH;0.2;0.4;500;votes;1.0;0.9;144;0;0;0.0;0.0;0.0;0;144;0.0;0.0;1.0;0.0;0.0
SEILS;SEILS;test;SAE_D2_RVH_SEILS;VH;0.2;0.4;500;votes;1.0;0.9;289;0;0;0.0;0.0;0.0;0;289;0.0;0.0;1.0;0.0;0.0
SEILS;FMT_C;test;SAE_D2_RVH_SEILS;VH;0.2;0.4;500;votes;1.0;0.9;311;0;0;0.0;0.0;0.0;0;311;0.0;0.0;1.0;0.0;0.0
SEILS;SEILS;val;SAE_D2_RVH_SEILS;VH;0.2;0.5;500;votes;0.25;0.1;290;0.287215411558669;0.6847546757146795;0.2918149466192171;0.2827586206896552;82.0;199;208;0.2827586206896552;0.708185053380783;0.7172413793103448;0.008614922873675823;0.0031952322460711002
SEILS;Capitan;test;SAE_D2_RVH_SEILS;VH;0.2;0.5;500;votes;0.25;0.1;144;0;0;0.0;0.0;0.0;0;144;0.0;0.0;1.0;0.0;0.0
SEILS;SEILS;test;SAE_D2_RVH_SEILS;VH;0.2;0.5;500;votes;0.25;0.1;289;0.3024054982817869;0.689684826958781;0.3003412969283277;0.3044982698961938;88.0;205;201;0.3044982698961938;0.6996587030716723;0.6955017301038062;0.1559414565563202;0.05545845627784729
SEILS;FMT_C;test;SAE_D2_RVH_SEILS;VH;0.2;0.5;500;votes;0.25;0.1;311;0;0;0.0;0.0;0.0;0;311;0.0;0.0;1.0;0.0;0.0
SEILS;SEILS;val;SAE_D2_RVH_SEILS;VH;0.2;0.5;500;votes;0.5;0.9;290;0;0;0.0;0.0;0.0;0;290;0.0;0.0;1.0;0.0;0.0
SEILS;Capitan;test;SAE_D2_RVH_SEILS;VH;0.2;0.5;500;votes;0.5;0.9;144;0;0;0.0;0.0;0.0;0;144;0.0;0.0;1.0;0.0;0.0
SEILS;SEILS;test;SAE_D2_RVH_SEILS;VH;0.2;0.5;500;votes;0.5;0.9;289;0;0;0.0;0.0;0.0;0;289;0.0;0.0;1.0;0.0;0.0
SEILS;FMT_C;test;SAE_D2_RVH_SEILS;VH;0.2;0.5;500;votes;0.5;0.9;311;0;0;0.0;0.0;0.0;0;311;0.0;0.0;1.0;0.0;0.0
SEILS;SEILS;val;SAE_D2_RVH_SEILS;VH;0.2;0.5;500;votes;0.75;0.9;290;0;0;0.0;0.0;0.0;0;290;0.0;0.0;1.0;0.0;0.0
SEILS;Capitan;test;SAE_D2_RVH_SEILS;VH;0.2;0.5;500;votes;0.75;0.9;144;0;0;0.0;0.0;0.0;0;144;0.0;0.0;1.0;0.0;0.0
SEILS;SEILS;test;SAE_D2_RVH_SEILS;VH;0.2;0.5;500;votes;0.75;0.9;289;0;0;0.0;0.0;0.0;0;289;0.0;0.0;1.0;0.0;0.0
SEILS;FMT_C;test;SAE_D2_RVH_SEILS;VH;0.2;0.5;500;votes;0.75;0.9;311;0;0;0.0;0.0;0.0;0;311;0.0;0.0;1.0;0.0;0.0
SEILS;SEILS;val;SAE_D2_RVH_SEILS;VH;0.2;0.5;500;votes;1.0;0.9;290;0;0;0.0;0.0;0.0;0;290;0.0;0.0;1.0;0.0;0.0
SEILS;Capitan;test;SAE_D2_RVH_SEILS;VH;0.2;0.5;500;votes;1.0;0.9;144;0;0;0.0;0.0;0.0;0;144;0.0;0.0;1.0;0.0;0.0
SEILS;SEILS;test;SAE_D2_RVH_SEILS;VH;0.2;0.5;500;votes;1.0;0.9;289;0;0;0.0;0.0;0.0;0;289;0.0;0.0;1.0;0.0;0.0
SEILS;FMT_C;test;SAE_D2_RVH_SEILS;VH;0.2;0.5;500;votes;1.0;0.9;311;0;0;0.0;0.0;0.0;0;311;0.0;0.0;1.0;0.0;0.0
