Source;Target;Partition;model;Resize;dropoutTrain;dropoutVal;Repetitions;Combination;VoteTH;BinTH;TotalGTBoxes;F1;IoU;Prec;Recall;TP;FP;FN;TP-norm;FP-norm;FN-norm;mAP;COCO
FMT_C;FMT_C;val;SAE_D2_RVH_FMT_C;VH;0.2;0.1;1;mean;0.0;0.5;316;0.9556962025316456;0.8022114796393763;0.9556962025316456;0.9556962025316456;302.0;14;14;0.9556962025316456;0.04430379746835443;0.04430379746835443;0.7067407965660095;0.3632945418357849
FMT_C;Capitan;test;SAE_D2_RVH_FMT_C;VH;0.2;0.1;1;mean;0;0.5;144;0.2868217054263566;0.5909099274007784;0.32456140350877194;0.2569444444444444;37.0;77;107;0.2569444444444444;0.6754385964912281;0.7430555555555556;0.09602384269237518;0.01849432662129402
FMT_C;SEILS;test;SAE_D2_RVH_FMT_C;VH;0.2;0.1;1;mean;0;0.5;289;0.29394812680115273;0.6687389043756369;0.2518518518518518;0.35294117647058826;102.0;303;187;0.35294117647058826;0.7481481481481481;0.6470588235294118;0.13984529674053192;0.04399944096803665
FMT_C;FMT_C;test;SAE_D2_RVH_FMT_C;VH;0.2;0.1;1;mean;0;0.5;311;0.9333333333333333;0.7963319344529824;0.9216300940438872;0.9453376205787781;294.0;25;17;0.9453376205787781;0.07836990595611286;0.05466237942122187;0.9157777428627014;0.5027695298194885
FMT_C;FMT_C;val;SAE_D2_RVH_FMT_C;VH;0.2;0.2;1;mean;0.0;0.4;316;0.8118518518518518;0.7793235126841671;0.7632311977715878;0.8670886075949367;274.0;85;42;0.8670886075949367;0.23676880222841226;0.13291139240506328;0.52962726354599;0.25533729791641235
FMT_C;Capitan;test;SAE_D2_RVH_FMT_C;VH;0.2;0.2;1;mean;0;0.4;144;0.0881057268722467;0.6058335875308536;0.12048192771084337;0.06944444444444445;10.0;73;134;0.06944444444444445;0.8795180722891566;0.9305555555555556;0.012689302675426006;0.003203024622052908
FMT_C;SEILS;test;SAE_D2_RVH_FMT_C;VH;0.2;0.2;1;mean;0;0.4;289;0.1913303437967115;0.6803126243992784;0.16842105263157894;0.22145328719723184;64.0;316;225;0.22145328719723184;0.8315789473684211;0.7785467128027682;0.07293926924467087;0.02436552196741104
FMT_C;FMT_C;test;SAE_D2_RVH_FMT_C;VH;0.2;0.2;1;mean;0;0.4;311;0.7718794835007173;0.7756106333784382;0.6968911917098446;0.864951768488746;269.0;117;42;0.864951768488746;0.30310880829015546;0.13504823151125403;0.7272062301635742;0.36764585971832275
FMT_C;FMT_C;val;SAE_D2_RVH_FMT_C;VH;0.2;0.3;1;mean;0.0;0.55;316;0.5507246376811595;0.8061721883263765;0.4717832957110609;0.6613924050632911;209.0;234;107;0.6613924050632911;0.5282167042889391;0.33860759493670883;0.3696693181991577;0.18489958345890045
FMT_C;Capitan;test;SAE_D2_RVH_FMT_C;VH;0.2;0.3;1;mean;0;0.55;144;0.1932367149758454;0.7169359956100487;0.31746031746031744;0.1388888888888889;20.0;43;124;0.1388888888888889;0.6825396825396826;0.8611111111111112;0.09430035203695297;0.04045625030994415
FMT_C;SEILS;test;SAE_D2_RVH_FMT_C;VH;0.2;0.3;1;mean;0;0.55;289;0.10707456978967496;0.651770690465848;0.11965811965811966;0.09688581314878893;28.0;206;261;0.09688581314878893;0.8803418803418803;0.903114186851211;0.018155276775360107;0.005141899921000004
FMT_C;FMT_C;test;SAE_D2_RVH_FMT_C;VH;0.2;0.3;1;mean;0;0.55;311;0.5205128205128204;0.8006895639876666;0.43283582089552236;0.6527331189710611;203.0;266;108;0.6527331189710611;0.5671641791044776;0.34726688102893893;0.46328091621398926;0.2581250071525574
FMT_C;FMT_C;val;SAE_D2_RVH_FMT_C;VH;0.2;0.4;1;mean;0.0;0.3;316;0.39595375722543347;0.7555133647187053;0.36436170212765956;0.43354430379746833;137.0;239;179;0.43354430379746833;0.6356382978723404;0.5664556962025317;0.1678319126367569;0.08306890726089478
FMT_C;Capitan;test;SAE_D2_RVH_FMT_C;VH;0.2;0.4;1;mean;0;0.3;144;0.13636363636363635;0.6971693506217832;0.19736842105263158;0.10416666666666667;15.0;61;129;0.10416666666666667;0.8026315789473685;0.8958333333333334;0.045480020344257355;0.019105907529592514
FMT_C;SEILS;test;SAE_D2_RVH_FMT_C;VH;0.2;0.4;1;mean;0;0.3;289;0.07352941176470588;0.7623695902606918;0.12605042016806722;0.05190311418685121;15.0;104;274;0.05190311418685121;0.8739495798319328;0.9480968858131488;0.01601974107325077;0.008247936144471169
FMT_C;FMT_C;test;SAE_D2_RVH_FMT_C;VH;0.2;0.4;1;mean;0;0.3;311;0.3693181818181818;0.7544552735478587;0.33078880407124683;0.4180064308681672;130.0;263;181;0.4180064308681672;0.6692111959287532;0.5819935691318328;0.24754275381565094;0.11658038198947906
FMT_C;FMT_C;val;SAE_D2_RVH_FMT_C;VH;0.2;0.5;1;mean;0.0;0.1;316;0.2049062049062049;0.7109425367458545;0.1883289124668435;0.22468354430379747;71.0;306;245;0.22468354430379747;0.8116710875331565;0.7753164556962026;0.050798457115888596;0.025521084666252136
FMT_C;Capitan;test;SAE_D2_RVH_FMT_C;VH;0.2;0.5;1;mean;0;0.1;144;0.21551724137931033;0.6158888758744367;0.2840909090909091;0.1736111111111111;25.0;63;119;0.1736111111111111;0.7159090909090909;0.8263888888888888;0.14796437323093414;0.04033118486404419
FMT_C;SEILS;test;SAE_D2_RVH_FMT_C;VH;0.2;0.5;1;mean;0;0.1;289;0.08040201005025126;0.6963721929575697;0.14678899082568808;0.05536332179930796;16.0;93;273;0.05536332179930796;0.8532110091743119;0.9446366782006921;0.014696073718369007;0.006566466297954321
FMT_C;FMT_C;test;SAE_D2_RVH_FMT_C;VH;0.2;0.5;1;mean;0;0.1;311;0.17050067658998647;0.7097946524367142;0.14719626168224298;0.20257234726688103;63.0;365;248;0.20257234726688103;0.852803738317757;0.797427652733119;0.07903008908033371;0.02991703525185585
FMT_C;FMT_C;val;SAE_D2_RVH_FMT_C;VH;0.2;0.1;2;mean;0.0;0.65;316;0.9731437598736176;0.8300339279808778;0.9716088328075709;0.9746835443037974;308.0;9;8;0.9746835443037974;0.028391167192429023;0.02531645569620253;0.7674140930175781;0.40089455246925354
FMT_C;Capitan;test;SAE_D2_RVH_FMT_C;VH;0.2;0.1;2;mean;0;0.65;144;0.16888888888888887;0.6043012595695276;0.2345679012345679;0.13194444444444445;19.0;62;125;0.13194444444444445;0.7654320987654321;0.8680555555555556;0.03814869374036789;0.00863723736256361
FMT_C;SEILS;test;SAE_D2_RVH_FMT_C;VH;0.2;0.1;2;mean;0;0.65;289;0.40875912408759124;0.6708300534490845;0.35353535353535354;0.4844290657439446;140.0;256;149;0.4844290657439446;0.6464646464646465;0.5155709342560554;0.23088791966438293;0.07042868435382843
FMT_C;FMT_C;test;SAE_D2_RVH_FMT_C;VH;0.2;0.1;2;mean;0;0.65;311;0.9647435897435898;0.8080414886561005;0.9616613418530351;0.9678456591639871;301.0;12;10;0.9678456591639871;0.038338658146964855;0.03215434083601286;0.9557764530181885;0.5243380069732666
FMT_C;FMT_C;val;SAE_D2_RVH_FMT_C;VH;0.2;0.2;2;mean;0.0;0.4;316;0.9249999999999999;0.7935622476464398;0.9135802469135802;0.9367088607594937;296.0;28;20;0.9367088607594937;0.08641975308641975;0.06329113924050633;0.5651490092277527;0.2789808511734009
FMT_C;Capitan;test;SAE_D2_RVH_FMT_C;VH;0.2;0.2;2;mean;0;0.4;144;0.22399999999999998;0.6032393036143501;0.2641509433962264;0.19444444444444445;28.0;78;116;0.19444444444444445;0.7358490566037735;0.8055555555555556;0.05882614478468895;0.012552766129374504
FMT_C;SEILS;test;SAE_D2_RVH_FMT_C;VH;0.2;0.2;2;mean;0;0.4;289;0.3192090395480226;0.6718438970664985;0.26968973747016706;0.39100346020761245;113.0;306;176;0.39100346020761245;0.7303102625298329;0.6089965397923875;0.1677483171224594;0.053764451295137405
FMT_C;FMT_C;test;SAE_D2_RVH_FMT_C;VH;0.2;0.2;2;mean;0;0.4;311;0.9441786283891547;0.7893602431596805;0.9367088607594937;0.9517684887459807;296.0;20;15;0.9517684887459807;0.06329113924050633;0.04823151125401929;0.9308216571807861;0.5005588531494141
FMT_C;FMT_C;val;SAE_D2_RVH_FMT_C;VH;0.2;0.3;2;mean;0.0;0.3;316;0.828101644245142;0.7693541460604876;0.7847025495750708;0.8765822784810127;277.0;76;39;0.8765822784810127;0.21529745042492918;0.12341772151898735;0.3312660753726959;0.160885289311409
FMT_C;Capitan;test;SAE_D2_RVH_FMT_C;VH;0.2;0.3;2;mean;0;0.3;144;0.17228464419475653;0.6476746439041747;0.18699186991869918;0.1597222222222222;23.0;100;121;0.1597222222222222;0.8130081300813008;0.8402777777777778;0.043902695178985596;0.011157273314893246
FMT_C;SEILS;test;SAE_D2_RVH_FMT_C;VH;0.2;0.3;2;mean;0;0.3;289;0.25481481481481477;0.6703439011694792;0.22279792746113988;0.2975778546712803;86.0;300;203;0.2975778546712803;0.7772020725388601;0.7024221453287197;0.12459000945091248;0.039845120161771774
FMT_C;FMT_C;test;SAE_D2_RVH_FMT_C;VH;0.2;0.3;2;mean;0;0.3;311;0.7935578330893118;0.7751967524960471;0.728494623655914;0.8713826366559485;271.0;101;40;0.8713826366559485;0.271505376344086;0.12861736334405144;0.7342932820320129;0.356082558631897
FMT_C;FMT_C;val;SAE_D2_RVH_FMT_C;VH;0.2;0.4;2;mean;0.0;0.3;316;0.5947521865889214;0.7835219218025554;0.5513513513513514;0.6455696202531646;204.0;166;112;0.6455696202531646;0.4486486486486487;0.35443037974683544;0.13875271379947662;0.06555098295211792
FMT_C;Capitan;test;SAE_D2_RVH_FMT_C;VH;0.2;0.4;2;mean;0;0.3;144;0.08490566037735849;0.6249647863890382;0.1323529411764706;0.0625;9.0;59;135;0.0625;0.8676470588235294;0.9375;0.019752556458115578;0.004950903356075287
FMT_C;SEILS;test;SAE_D2_RVH_FMT_C;VH;0.2;0.4;2;mean;0;0.3;289;0.11336032388663969;0.6730101007220615;0.13658536585365855;0.09688581314878893;28.0;177;261;0.09688581314878893;0.8634146341463415;0.903114186851211;0.02958843484520912;0.00903510395437479
FMT_C;FMT_C;test;SAE_D2_RVH_FMT_C;VH;0.2;0.4;2;mean;0;0.3;311;0.48138297872340424;0.753755331221892;0.41043083900226757;0.5819935691318328;181.0;260;130;0.5819935691318328;0.5895691609977324;0.4180064308681672;0.3764589726924896;0.1761210709810257
FMT_C;FMT_C;val;SAE_D2_RVH_FMT_C;VH;0.2;0.5;2;mean;0.0;0.1;316;0.2310305775764439;0.7182173135479137;0.17989417989417988;0.3227848101265823;102.0;465;214;0.3227848101265823;0.8201058201058201;0.6772151898734177;0.017613161355257034;0.007432732731103897
FMT_C;Capitan;test;SAE_D2_RVH_FMT_C;VH;0.2;0.5;2;mean;0;0.1;144;0.05911330049261084;0.7759219409227532;0.1016949152542373;0.041666666666666664;6.0;53;138;0.041666666666666664;0.8983050847457628;0.9583333333333334;0.017763687297701836;0.01465537864714861
FMT_C;SEILS;test;SAE_D2_RVH_FMT_C;VH;0.2;0.5;2;mean;0;0.1;289;0.09405940594059405;0.6977584476471538;0.16521739130434782;0.0657439446366782;19.0;96;270;0.0657439446366782;0.8347826086956521;0.9342560553633218;0.01909942738711834;0.00815800204873085
FMT_C;FMT_C;test;SAE_D2_RVH_FMT_C;VH;0.2;0.5;2;mean;0;0.1;311;0.2733990147783251;0.7312233581865611;0.2215568862275449;0.35691318327974275;111.0;390;200;0.35691318327974275;0.7784431137724551;0.6430868167202572;0.14831450581550598;0.05806925892829895
FMT_C;FMT_C;val;SAE_D2_RVH_FMT_C;VH;0.2;0.1;5;mean;0.0;0.55;316;0.9730586370839936;0.818127993642238;0.9746031746031746;0.9715189873417721;307.0;8;9;0.9715189873417721;0.025396825396825397;0.028481012658227847;0.7264872193336487;0.3780142366886139
FMT_C;Capitan;test;SAE_D2_RVH_FMT_C;VH;0.2;0.1;5;mean;0;0.55;144;0.16744186046511628;0.5913997684104756;0.2535211267605634;0.125;18.0;53;126;0.125;0.7464788732394366;0.875;0.036476586014032364;0.006832135375589132
FMT_C;SEILS;test;SAE_D2_RVH_FMT_C;VH;0.2;0.1;5;mean;0;0.55;289;0.43037974683544306;0.6719762089885954;0.36255924170616116;0.5294117647058824;153.0;269;136;0.5294117647058824;0.6374407582938388;0.47058823529411764;0.2798948287963867;0.09047641605138779
FMT_C;FMT_C;test;SAE_D2_RVH_FMT_C;VH;0.2;0.1;5;mean;0;0.55;311;0.9711538461538463;0.8085896728692347;0.9680511182108626;0.9742765273311897;303.0;10;8;0.9742765273311897;0.03194888178913738;0.02572347266881029;0.9674888849258423;0.54569411277771
FMT_C;FMT_C;val;SAE_D2_RVH_FMT_C;VH;0.2;0.2;5;mean;0.0;0.4;316;0.9513343799058085;0.7904927521604375;0.9439252336448598;0.9588607594936709;303.0;18;13;0.9588607594936709;0.056074766355140186;0.04113924050632911;0.5616339445114136;0.2898852825164795
FMT_C;Capitan;test;SAE_D2_RVH_FMT_C;VH;0.2;0.2;5;mean;0;0.4;144;0.10045662100456622;0.5899082572301335;0.14666666666666667;0.0763888888888889;11.0;64;133;0.0763888888888889;0.8533333333333334;0.9236111111111112;0.015513945370912552;0.0031350101344287395
FMT_C;SEILS;test;SAE_D2_RVH_FMT_C;VH;0.2;0.2;5;mean;0;0.4;289;0.3561253561253561;0.6715756982810316;0.3026634382566586;0.43252595155709345;125.0;288;164;0.43252595155709345;0.6973365617433414;0.5674740484429066;0.20625367760658264;0.06369465589523315
FMT_C;FMT_C;test;SAE_D2_RVH_FMT_C;VH;0.2;0.2;5;mean;0;0.4;311;0.9432176656151421;0.7884151950585182;0.9256965944272446;0.9614147909967846;299.0;24;12;0.9614147909967846;0.07430340557275542;0.03858520900321544;0.942619264125824;0.5155324935913086
FMT_C;FMT_C;val;SAE_D2_RVH_FMT_C;VH;0.2;0.3;5;mean;0.0;0.3;316;0.8938714499252616;0.7867524995251538;0.8470254957507082;0.9462025316455697;299.0;54;17;0.9462025316455697;0.1529745042492918;0.05379746835443038;0.3272562026977539;0.1622893065214157
FMT_C;Capitan;test;SAE_D2_RVH_FMT_C;VH;0.2;0.3;5;mean;0;0.3;144;0.17670682730923695;0.6256199614815059;0.20952380952380953;0.1527777777777778;22.0;83;122;0.1527777777777778;0.7904761904761904;0.8472222222222222;0.10156919062137604;0.03125323727726936
FMT_C;SEILS;test;SAE_D2_RVH_FMT_C;VH;0.2;0.3;5;mean;0;0.3;289;0.27769985974754563;0.6647630700607072;0.23349056603773585;0.34256055363321797;99.0;325;190;0.34256055363321797;0.7665094339622641;0.657439446366782;0.11224684864282608;0.03384445607662201
FMT_C;FMT_C;test;SAE_D2_RVH_FMT_C;VH;0.2;0.3;5;mean;0;0.3;311;0.9123867069486404;0.7772961074288116;0.8603988603988604;0.9710610932475884;302.0;49;9;0.9710610932475884;0.1396011396011396;0.028938906752411574;0.9224815964698792;0.4812231659889221
FMT_C;FMT_C;val;SAE_D2_RVH_FMT_C;VH;0.2;0.4;5;mean;0.0;0.15;316;0.7112299465240641;0.753197926225823;0.6157407407407407;0.8417721518987342;266.0;166;50;0.8417721518987342;0.38425925925925924;0.15822784810126583;0.14537279307842255;0.06974168121814728
FMT_C;Capitan;test;SAE_D2_RVH_FMT_C;VH;0.2;0.4;5;mean;0;0.15;144;0.07142857142857144;0.5870937491498578;0.08333333333333333;0.0625;9.0;99;135;0.0625;0.9166666666666666;0.9375;0.01867225579917431;0.003349075559526682
FMT_C;SEILS;test;SAE_D2_RVH_FMT_C;VH;0.2;0.4;5;mean;0;0.15;289;0.18556701030927839;0.6765721384574478;0.16153846153846155;0.2179930795847751;63.0;327;226;0.2179930795847751;0.8384615384615385;0.7820069204152249;0.05488281697034836;0.015394529327750206
FMT_C;FMT_C;test;SAE_D2_RVH_FMT_C;VH;0.2;0.4;5;mean;0;0.15;311;0.6974789915966386;0.7440110773461553;0.6178660049627791;0.8006430868167203;249.0;154;62;0.8006430868167203;0.38213399503722084;0.19935691318327975;0.6265498399734497;0.284022718667984
FMT_C;FMT_C;val;SAE_D2_RVH_FMT_C;VH;0.2;0.5;5;mean;0.0;0.1;316;0.41341991341991347;0.7476620472959224;0.31414473684210525;0.6044303797468354;191.0;417;125;0.6044303797468354;0.6858552631578947;0.39556962025316456;0.04336550086736679;0.02096109464764595
FMT_C;Capitan;test;SAE_D2_RVH_FMT_C;VH;0.2;0.5;5;mean;0;0.1;144;0;0;0.0;0.0;0.0;184;144;0.0;1.0;1.0;8.573388186050579e-05;1.2223444173287135e-05
FMT_C;SEILS;test;SAE_D2_RVH_FMT_C;VH;0.2;0.5;5;mean;0;0.1;289;0.10232558139534884;0.668000698598053;0.09269662921348315;0.11418685121107267;33.0;323;256;0.11418685121107267;0.9073033707865169;0.8858131487889274;0.017770446836948395;0.0059740738943219185
FMT_C;FMT_C;test;SAE_D2_RVH_FMT_C;VH;0.2;0.5;5;mean;0;0.1;311;0.3556485355648536;0.7332381272969618;0.26356589147286824;0.5466237942122186;170.0;475;141;0.5466237942122186;0.7364341085271318;0.4533762057877814;0.2008228600025177;0.08152596652507782
FMT_C;FMT_C;val;SAE_D2_RVH_FMT_C;VH;0.2;0.1;25;mean;0.0;0.55;316;0.9761526232114468;0.8209269776396226;0.9808306709265175;0.9715189873417721;307.0;6;9;0.9715189873417721;0.019169329073482427;0.028481012658227847;0.7572061419487;0.3938045799732208
FMT_C;Capitan;test;SAE_D2_RVH_FMT_C;VH;0.2;0.1;25;mean;0;0.55;144;0.11650485436893204;0.5786510683943211;0.1935483870967742;0.08333333333333333;12.0;50;132;0.08333333333333333;0.8064516129032258;0.9166666666666666;0.022802719846367836;0.004206801764667034
FMT_C;SEILS;test;SAE_D2_RVH_FMT_C;VH;0.2;0.1;25;mean;0;0.55;289;0.4447592067988668;0.6780878153173874;0.3764988009592326;0.5432525951557093;157.0;260;132;0.5432525951557093;0.6235011990407674;0.45674740484429066;0.3079776465892792;0.10019849240779877
FMT_C;FMT_C;test;SAE_D2_RVH_FMT_C;VH;0.2;0.1;25;mean;0;0.55;311;0.9775641025641026;0.8119813212713838;0.9744408945686901;0.9807073954983923;305.0;8;6;0.9807073954983923;0.025559105431309903;0.01929260450160772;0.9704665541648865;0.5569623708724976
FMT_C;FMT_C;val;SAE_D2_RVH_FMT_C;VH;0.2;0.2;25;mean;0.0;0.45;316;0.9730586370839936;0.8116755123129833;0.9746031746031746;0.9715189873417721;307.0;8;9;0.9715189873417721;0.025396825396825397;0.028481012658227847;0.5602788329124451;0.2857134938240051
FMT_C;Capitan;test;SAE_D2_RVH_FMT_C;VH;0.2;0.2;25;mean;0;0.45;144;0.053191489361702135;0.5722191015065592;0.11363636363636363;0.034722222222222224;5.0;39;139;0.034722222222222224;0.8863636363636364;0.9652777777777778;0.009982638992369175;0.0019052892457693815
FMT_C;SEILS;test;SAE_D2_RVH_FMT_C;VH;0.2;0.2;25;mean;0;0.45;289;0.3244094488188976;0.6503852266930511;0.2976878612716763;0.356401384083045;103.0;243;186;0.356401384083045;0.7023121387283237;0.643598615916955;0.15877486765384674;0.04493406414985657
FMT_C;FMT_C;test;SAE_D2_RVH_FMT_C;VH;0.2;0.2;25;mean;0;0.45;311;0.9775641025641026;0.8053303950250763;0.9744408945686901;0.9807073954983923;305.0;8;6;0.9807073954983923;0.025559105431309903;0.01929260450160772;0.9703105688095093;0.5514063835144043
FMT_C;FMT_C;val;SAE_D2_RVH_FMT_C;VH;0.2;0.3;25;mean;0.0;0.35;316;0.9577464788732394;0.8050596560688379;0.9473684210526315;0.9683544303797469;306.0;17;10;0.9683544303797469;0.05263157894736842;0.03164556962025317;0.340273916721344;0.16978546977043152
FMT_C;Capitan;test;SAE_D2_RVH_FMT_C;VH;0.2;0.3;25;mean;0;0.35;144;0.03333333333333333;0.5211881716291743;0.08333333333333333;0.020833333333333332;3.0;33;141;0.020833333333333332;0.9166666666666666;0.9791666666666666;0.0026041667442768812;0.00041254126699641347
FMT_C;SEILS;test;SAE_D2_RVH_FMT_C;VH;0.2;0.3;25;mean;0;0.35;289;0.19047619047619047;0.6179350205697828;0.22325581395348837;0.16608996539792387;48.0;167;241;0.16608996539792387;0.7767441860465116;0.8339100346020761;0.07651995867490768;0.018700992688536644
FMT_C;FMT_C;test;SAE_D2_RVH_FMT_C;VH;0.2;0.3;25;mean;0;0.35;311;0.9620253164556962;0.7939543018924629;0.9470404984423676;0.977491961414791;304.0;17;7;0.977491961414791;0.0529595015576324;0.022508038585209004;0.9533516764640808;0.5167756676673889
FMT_C;FMT_C;val;SAE_D2_RVH_FMT_C;VH;0.2;0.4;25;mean;0.0;0.2;316;0.9165402124430956;0.7874894853159501;0.880466472303207;0.9556962025316456;302.0;41;14;0.9556962025316456;0.119533527696793;0.04430379746835443;0.19367709755897522;0.09968111664056778
FMT_C;Capitan;test;SAE_D2_RVH_FMT_C;VH;0.2;0.4;25;mean;0;0.2;144;0.030303030303030304;0.5739116463712454;0.05555555555555555;0.020833333333333332;3.0;51;141;0.020833333333333332;0.9444444444444444;0.9791666666666666;0.0017361111240461469;0.0005269881803542376
FMT_C;SEILS;test;SAE_D2_RVH_FMT_C;VH;0.2;0.4;25;mean;0;0.2;289;0.11816192560175055;0.6222730369209967;0.16071428571428573;0.09342560553633218;27.0;141;262;0.09342560553633218;0.8392857142857143;0.9065743944636678;0.05018957704305649;0.01288085151463747
FMT_C;FMT_C;test;SAE_D2_RVH_FMT_C;VH;0.2;0.4;25;mean;0;0.2;311;0.917829457364341;0.7883562695059703;0.8862275449101796;0.9517684887459807;296.0;38;15;0.9517684887459807;0.11377245508982035;0.04823151125401929;0.9198704361915588;0.4907650053501129
FMT_C;FMT_C;val;SAE_D2_RVH_FMT_C;VH;0.2;0.5;25;mean;0.0;0.1;316;0.7380952380952381;0.7749127918159607;0.634090909090909;0.8829113924050633;279.0;161;37;0.8829113924050633;0.3659090909090909;0.11708860759493671;0.07497816532850266;0.03865637257695198
FMT_C;Capitan;test;SAE_D2_RVH_FMT_C;VH;0.2;0.5;25;mean;0;0.1;144;0.015625;0.578355975800062;0.017857142857142856;0.013888888888888888;2.0;110;142;0.013888888888888888;0.9821428571428571;0.9861111111111112;0.0005341880605556071;0.00011424219701439142
FMT_C;SEILS;test;SAE_D2_RVH_FMT_C;VH;0.2;0.5;25;mean;0;0.1;289;0.10344827586206895;0.631040448220271;0.10309278350515463;0.10380622837370242;30.0;261;259;0.10380622837370242;0.8969072164948454;0.8961937716262975;0.02096938155591488;0.005879688076674938
FMT_C;FMT_C;test;SAE_D2_RVH_FMT_C;VH;0.2;0.5;25;mean;0;0.1;311;0.704635761589404;0.7838347288582318;0.5990990990990991;0.8553054662379421;266.0;178;45;0.8553054662379421;0.4009009009009009;0.14469453376205788;0.6736323833465576;0.34184592962265015
FMT_C;FMT_C;val;SAE_D2_RVH_FMT_C;VH;0.2;0.1;75;mean;0.0;0.55;316;0.9761526232114468;0.8205741208445407;0.9808306709265175;0.9715189873417721;307.0;6;9;0.9715189873417721;0.019169329073482427;0.028481012658227847;0.7652102708816528;0.3981831669807434
FMT_C;Capitan;test;SAE_D2_RVH_FMT_C;VH;0.2;0.1;75;mean;0;0.55;144;0.10679611650485438;0.5477369253924192;0.1774193548387097;0.0763888888888889;11.0;51;133;0.0763888888888889;0.8225806451612904;0.9236111111111112;0.021276595070958138;0.0026516749057918787
FMT_C;SEILS;test;SAE_D2_RVH_FMT_C;VH;0.2;0.1;75;mean;0;0.55;289;0.4505813953488372;0.678462168333193;0.38847117794486213;0.5363321799307958;155.0;244;134;0.5363321799307958;0.6115288220551378;0.46366782006920415;0.3227373957633972;0.10258190333843231
FMT_C;FMT_C;test;SAE_D2_RVH_FMT_C;VH;0.2;0.1;75;mean;0;0.55;311;0.9791332263242376;0.8105804857849217;0.9775641025641025;0.9807073954983923;305.0;7;6;0.9807073954983923;0.022435897435897436;0.01929260450160772;0.9716867804527283;0.5562422275543213
FMT_C;FMT_C;val;SAE_D2_RVH_FMT_C;VH;0.2;0.2;75;mean;0.0;0.45;316;0.9761526232114468;0.8112778116848981;0.9808306709265175;0.9715189873417721;307.0;6;9;0.9715189873417721;0.019169329073482427;0.028481012658227847;0.5635980367660522;0.28731611371040344
FMT_C;Capitan;test;SAE_D2_RVH_FMT_C;VH;0.2;0.2;75;mean;0;0.45;144;0.03296703296703297;0.555181852637512;0.07894736842105263;0.020833333333333332;3.0;35;141;0.020833333333333332;0.9210526315789473;0.9791666666666666;0.002594627672806382;0.0005222500185482204
FMT_C;SEILS;test;SAE_D2_RVH_FMT_C;VH;0.2;0.2;75;mean;0;0.45;289;0.30694668820678517;0.6491500733652994;0.2878787878787879;0.328719723183391;95.0;235;194;0.328719723183391;0.7121212121212122;0.671280276816609;0.17343339323997498;0.05046577379107475
FMT_C;FMT_C;test;SAE_D2_RVH_FMT_C;VH;0.2;0.2;75;mean;0;0.45;311;0.9807692307692308;0.8036378076206921;0.9776357827476039;0.9839228295819936;306.0;7;5;0.9839228295819936;0.022364217252396165;0.01607717041800643;0.9754788279533386;0.553644061088562
FMT_C;FMT_C;val;SAE_D2_RVH_FMT_C;VH;0.2;0.3;75;mean;0.0;0.35;316;0.9684542586750788;0.8077696984292424;0.9654088050314465;0.9715189873417721;307.0;11;9;0.9715189873417721;0.03459119496855346;0.028481012658227847;0.355997234582901;0.1792583465576172
FMT_C;Capitan;test;SAE_D2_RVH_FMT_C;VH;0.2;0.3;75;mean;0;0.35;144;0;0;0.0;0.0;0.0;17;144;0.0;1.0;1.0;0.0;0.0
FMT_C;SEILS;test;SAE_D2_RVH_FMT_C;VH;0.2;0.3;75;mean;0;0.35;289;0.18614718614718614;0.6216359738307107;0.24855491329479767;0.14878892733564014;43.0;130;246;0.14878892733564014;0.7514450867052023;0.8512110726643599;0.09119712561368942;0.01908227428793907
FMT_C;FMT_C;test;SAE_D2_RVH_FMT_C;VH;0.2;0.3;75;mean;0;0.35;311;0.9776357827476039;0.7960853264415741;0.9714285714285714;0.9839228295819936;306.0;9;5;0.9839228295819936;0.02857142857142857;0.01607717041800643;0.9745832085609436;0.5377705693244934
FMT_C;FMT_C;val;SAE_D2_RVH_FMT_C;VH;0.2;0.4;75;mean;0.0;0.2;316;0.9457364341085271;0.799030394299321;0.9270516717325228;0.9651898734177216;305.0;24;11;0.9651898734177216;0.0729483282674772;0.03481012658227848;0.19164614379405975;0.09505626559257507
FMT_C;Capitan;test;SAE_D2_RVH_FMT_C;VH;0.2;0.4;75;mean;0;0.2;144;0.012269938650306747;0.5237065080223544;0.05263157894736842;0.006944444444444444;1.0;18;143;0.006944444444444444;0.9473684210526315;0.9930555555555556;0.0013888889225199819;0.00019801981397904456
FMT_C;SEILS;test;SAE_D2_RVH_FMT_C;VH;0.2;0.4;75;mean;0;0.2;289;0.19093078758949883;0.6194943859894424;0.3076923076923077;0.1384083044982699;40.0;90;249;0.1384083044982699;0.6923076923076923;0.8615916955017301;0.07690558582544327;0.019713707268238068
FMT_C;FMT_C;test;SAE_D2_RVH_FMT_C;VH;0.2;0.4;75;mean;0;0.2;311;0.95;0.7840045381970381;0.9240121580547113;0.977491961414791;304.0;25;7;0.977491961414791;0.07598784194528875;0.022508038585209004;0.9509323835372925;0.4935395121574402
FMT_C;FMT_C;val;SAE_D2_RVH_FMT_C;VH;0.2;0.5;75;mean;0.0;0.1;316;0.8517985611510791;0.7926055102660126;0.7810026385224275;0.9367088607594937;296.0;83;20;0.9367088607594937;0.21899736147757257;0.06329113924050633;0.07927703112363815;0.040509454905986786
FMT_C;Capitan;test;SAE_D2_RVH_FMT_C;VH;0.2;0.5;75;mean;0;0.1;144;0.05263157894736842;0.5825273118927754;0.10869565217391304;0.034722222222222224;5.0;41;139;0.034722222222222224;0.8913043478260869;0.9652777777777778;0.006954966112971306;0.0017417895141988993
FMT_C;SEILS;test;SAE_D2_RVH_FMT_C;VH;0.2;0.5;75;mean;0;0.1;289;0.15184381778741865;0.6312908829820644;0.20348837209302326;0.12110726643598616;35.0;137;254;0.12110726643598616;0.7965116279069767;0.8788927335640139;0.0628596693277359;0.019415611401200294
FMT_C;FMT_C;test;SAE_D2_RVH_FMT_C;VH;0.2;0.5;75;mean;0;0.1;311;0.8246844319775596;0.7786307385467719;0.7313432835820896;0.9453376205787781;294.0;108;17;0.9453376205787781;0.26865671641791045;0.05466237942122187;0.8134511113166809;0.41487640142440796
FMT_C;FMT_C;val;SAE_D2_RVH_FMT_C;VH;0.2;0.1;250;mean;0.0;0.55;316;0.9761526232114468;0.8196278131390585;0.9808306709265175;0.9715189873417721;307.0;6;9;0.9715189873417721;0.019169329073482427;0.028481012658227847;0.7638172507286072;0.3960641920566559
FMT_C;Capitan;test;SAE_D2_RVH_FMT_C;VH;0.2;0.1;250;mean;0;0.55;144;0.0975609756097561;0.5526573458001998;0.16393442622950818;0.06944444444444445;10.0;51;134;0.06944444444444445;0.8360655737704918;0.9305555555555556;0.018242767080664635;0.0022384452167898417
FMT_C;SEILS;test;SAE_D2_RVH_FMT_C;VH;0.2;0.1;250;mean;0;0.55;289;0.4687045123726346;0.6790718061576916;0.4045226130653266;0.5570934256055363;161.0;237;128;0.5570934256055363;0.5954773869346733;0.4429065743944637;0.33241885900497437;0.107718326151371
FMT_C;FMT_C;test;SAE_D2_RVH_FMT_C;VH;0.2;0.1;250;mean;0;0.55;311;0.9759229534510432;0.8112044804431829;0.9743589743589743;0.977491961414791;304.0;8;7;0.977491961414791;0.02564102564102564;0.022508038585209004;0.9685565829277039;0.554911196231842
FMT_C;FMT_C;val;SAE_D2_RVH_FMT_C;VH;0.2;0.2;250;mean;0.0;0.45;316;0.9746031746031746;0.812929055256078;0.9777070063694268;0.9715189873417721;307.0;7;9;0.9715189873417721;0.022292993630573247;0.028481012658227847;0.5585170388221741;0.283606618642807
FMT_C;Capitan;test;SAE_D2_RVH_FMT_C;VH;0.2;0.2;250;mean;0;0.45;144;0.0213903743315508;0.5944686260925172;0.046511627906976744;0.013888888888888888;2.0;41;142;0.013888888888888888;0.9534883720930233;0.9861111111111112;0.0009578543831594288;0.00030727213015779853
FMT_C;SEILS;test;SAE_D2_RVH_FMT_C;VH;0.2;0.2;250;mean;0;0.45;289;0.30322580645161296;0.6454236426595069;0.283987915407855;0.32525951557093424;94.0;237;195;0.32525951557093424;0.716012084592145;0.6747404844290658;0.1550438106060028;0.04467032849788666
FMT_C;FMT_C;test;SAE_D2_RVH_FMT_C;VH;0.2;0.2;250;mean;0;0.45;311;0.9807692307692308;0.8006411937847414;0.9776357827476039;0.9839228295819936;306.0;7;5;0.9839228295819936;0.022364217252396165;0.01607717041800643;0.9755045175552368;0.5445319414138794
FMT_C;FMT_C;val;SAE_D2_RVH_FMT_C;VH;0.2;0.3;250;mean;0.0;0.35;316;0.9730586370839936;0.81053615073504;0.9746031746031746;0.9715189873417721;307.0;8;9;0.9715189873417721;0.025396825396825397;0.028481012658227847;0.3393353819847107;0.16974925994873047
FMT_C;Capitan;test;SAE_D2_RVH_FMT_C;VH;0.2;0.3;250;mean;0;0.35;144;0.012269938650306747;0.517911227154047;0.05263157894736842;0.006944444444444444;1.0;18;143;0.006944444444444444;0.9473684210526315;0.9930555555555556;0.0006313131307251751;9.000900172395632e-05
FMT_C;SEILS;test;SAE_D2_RVH_FMT_C;VH;0.2;0.3;250;mean;0;0.35;289;0.1762114537444934;0.6053900495827417;0.24242424242424243;0.1384083044982699;40.0;125;249;0.1384083044982699;0.7575757575757576;0.8615916955017301;0.06978458911180496;0.015195253305137157
FMT_C;FMT_C;test;SAE_D2_RVH_FMT_C;VH;0.2;0.3;250;mean;0;0.35;311;0.9634340222575516;0.7974655433141968;0.9528301886792453;0.9742765273311897;303.0;15;8;0.9742765273311897;0.04716981132075472;0.02572347266881029;0.965526282787323;0.526459813117981
FMT_C;FMT_C;val;SAE_D2_RVH_FMT_C;VH;0.2;0.4;250;mean;0.0;0.2;316;0.9473684210526316;0.792349480190633;0.9272727272727272;0.9683544303797469;306.0;24;10;0.9683544303797469;0.07272727272727272;0.03164556962025317;0.19784940779209137;0.09944185614585876
FMT_C;Capitan;test;SAE_D2_RVH_FMT_C;VH;0.2;0.4;250;mean;0;0.2;144;0.012578616352201257;0.5286238239515229;0.06666666666666667;0.006944444444444444;1.0;14;143;0.006944444444444444;0.9333333333333333;0.9930555555555556;0.0006944444612599909;9.900990698952228e-05
FMT_C;SEILS;test;SAE_D2_RVH_FMT_C;VH;0.2;0.4;250;mean;0;0.2;289;0.125;0.6032822674527816;0.2047244094488189;0.08996539792387544;26.0;101;263;0.08996539792387544;0.7952755905511811;0.9100346020761245;0.04141571745276451;0.008472118526697159
FMT_C;FMT_C;test;SAE_D2_RVH_FMT_C;VH;0.2;0.4;250;mean;0;0.2;311;0.9498432601880877;0.7828561386367879;0.926605504587156;0.9742765273311897;303.0;24;8;0.9742765273311897;0.07339449541284404;0.02572347266881029;0.9489844441413879;0.4919259548187256
FMT_C;FMT_C;val;SAE_D2_RVH_FMT_C;VH;0.2;0.5;250;mean;0.0;0.1;316;0.8591954022988506;0.780696153534179;0.7868421052631579;0.9462025316455697;299.0;81;17;0.9462025316455697;0.2131578947368421;0.05379746835443038;0.08278941363096237;0.04239431396126747
FMT_C;Capitan;test;SAE_D2_RVH_FMT_C;VH;0.2;0.5;250;mean;0;0.1;144;0;0;0.0;0.0;0.0;15;144;0.0;1.0;1.0;0.0;0.0
FMT_C;SEILS;test;SAE_D2_RVH_FMT_C;VH;0.2;0.5;250;mean;0;0.1;289;0.07017543859649124;0.590431252479046;0.12727272727272726;0.04844290657439446;14.0;96;275;0.04844290657439446;0.8727272727272727;0.9515570934256056;0.014211929403245449;0.00281531922519207
FMT_C;FMT_C;test;SAE_D2_RVH_FMT_C;VH;0.2;0.5;250;mean;0;0.1;311;0.7896174863387977;0.7788408507102001;0.6864608076009501;0.9292604501607717;289.0;132;22;0.9292604501607717;0.31353919239904987;0.0707395498392283;0.8167194724082947;0.4224337637424469
FMT_C;FMT_C;val;SAE_D2_RVH_FMT_C;VH;0.2;0.1;500;mean;0.0;0.55;316;0.9746031746031746;0.8206000554408758;0.9777070063694268;0.9715189873417721;307.0;7;9;0.9715189873417721;0.022292993630573247;0.028481012658227847;0.7616356015205383;0.39457350969314575
FMT_C;Capitan;test;SAE_D2_RVH_FMT_C;VH;0.2;0.1;500;mean;0;0.55;144;0.0891089108910891;0.5621818079659918;0.15517241379310345;0.0625;9.0;49;135;0.0625;0.8448275862068966;0.9375;0.01668856292963028;0.0026718887966126204
FMT_C;SEILS;test;SAE_D2_RVH_FMT_C;VH;0.2;0.1;500;mean;0;0.55;289;0.4570596797671034;0.6757395676058928;0.3944723618090452;0.5432525951557093;157.0;241;132;0.5432525951557093;0.6055276381909548;0.45674740484429066;0.32439354062080383;0.10339407622814178
FMT_C;FMT_C;test;SAE_D2_RVH_FMT_C;VH;0.2;0.1;500;mean;0;0.55;311;0.9759229534510432;0.8115602763159423;0.9743589743589743;0.977491961414791;304.0;8;7;0.977491961414791;0.02564102564102564;0.022508038585209004;0.9680077433586121;0.5558007955551147
FMT_C;FMT_C;val;SAE_D2_RVH_FMT_C;VH;0.2;0.2;500;mean;0.0;0.45;316;0.9761526232114468;0.8135829572887289;0.9808306709265175;0.9715189873417721;307.0;6;9;0.9715189873417721;0.019169329073482427;0.028481012658227847;0.5560670495033264;0.2826782166957855
FMT_C;Capitan;test;SAE_D2_RVH_FMT_C;VH;0.2;0.2;500;mean;0;0.45;144;0.03278688524590164;0.5775907800232228;0.07692307692307693;0.020833333333333332;3.0;36;141;0.020833333333333332;0.9230769230769231;0.9791666666666666;0.0028409091755747795;0.0006300630047917366
FMT_C;SEILS;test;SAE_D2_RVH_FMT_C;VH;0.2;0.2;500;mean;0;0.45;289;0.29690048939641106;0.6425811076516297;0.2808641975308642;0.314878892733564;91.0;233;198;0.314878892733564;0.7191358024691358;0.6851211072664359;0.1550396978855133;0.043177299201488495
FMT_C;FMT_C;test;SAE_D2_RVH_FMT_C;VH;0.2;0.2;500;mean;0;0.45;311;0.9807692307692308;0.8012039358321488;0.9776357827476039;0.9839228295819936;306.0;7;5;0.9839228295819936;0.022364217252396165;0.01607717041800643;0.9753032326698303;0.5455424785614014
FMT_C;FMT_C;val;SAE_D2_RVH_FMT_C;VH;0.2;0.3;500;mean;0.0;0.35;316;0.9715189873417721;0.8111460813207646;0.9715189873417721;0.9715189873417721;307.0;9;9;0.9715189873417721;0.028481012658227847;0.028481012658227847;0.33687305450439453;0.16860757768154144
FMT_C;Capitan;test;SAE_D2_RVH_FMT_C;VH;0.2;0.3;500;mean;0;0.35;144;0.024691358024691357;0.5119667363828655;0.1111111111111111;0.013888888888888888;2.0;16;142;0.013888888888888888;0.8888888888888888;0.9861111111111112;0.0019841270986944437;0.0002828854485414922
FMT_C;SEILS;test;SAE_D2_RVH_FMT_C;VH;0.2;0.3;500;mean;0;0.35;289;0.17142857142857143;0.6075867385249202;0.23493975903614459;0.13494809688581316;39.0;127;250;0.13494809688581316;0.7650602409638554;0.8650519031141869;0.07225646823644638;0.015737373381853104
FMT_C;FMT_C;test;SAE_D2_RVH_FMT_C;VH;0.2;0.3;500;mean;0;0.35;311;0.9776357827476039;0.7971167485403267;0.9714285714285714;0.9839228295819936;306.0;9;5;0.9839228295819936;0.02857142857142857;0.01607717041800643;0.9741764664649963;0.5310059785842896
FMT_C;FMT_C;val;SAE_D2_RVH_FMT_C;VH;0.2;0.4;500;mean;0.0;0.2;316;0.9459041731066462;0.7909713884176787;0.9244712990936556;0.9683544303797469;306.0;25;10;0.9683544303797469;0.0755287009063444;0.03164556962025317;0.20141147077083588;0.10034869611263275
FMT_C;Capitan;test;SAE_D2_RVH_FMT_C;VH;0.2;0.4;500;mean;0;0.2;144;0;0;0.0;0.0;0.0;20;144;0.0;1.0;1.0;0.0;0.0
FMT_C;SEILS;test;SAE_D2_RVH_FMT_C;VH;0.2;0.4;500;mean;0;0.2;289;0.12285012285012284;0.6022018543588615;0.211864406779661;0.08650519031141868;25.0;93;264;0.08650519031141868;0.788135593220339;0.9134948096885813;0.03984825685620308;0.007638926617801189
FMT_C;FMT_C;test;SAE_D2_RVH_FMT_C;VH;0.2;0.4;500;mean;0;0.2;311;0.9698890649762282;0.7868615740325462;0.95625;0.9839228295819936;306.0;14;5;0.9839228295819936;0.04375;0.01607717041800643;0.9707136750221252;0.513839066028595
FMT_C;FMT_C;val;SAE_D2_RVH_FMT_C;VH;0.2;0.5;500;mean;0.0;0.1;316;0.8856304985337243;0.7821636790636384;0.825136612021858;0.9556962025316456;302.0;64;14;0.9556962025316456;0.17486338797814208;0.04430379746835443;0.08250069618225098;0.043211549520492554
FMT_C;Capitan;test;SAE_D2_RVH_FMT_C;VH;0.2;0.5;500;mean;0;0.1;144;0;0;0.0;0.0;0.0;26;144;0.0;1.0;1.0;0.0;0.0
FMT_C;SEILS;test;SAE_D2_RVH_FMT_C;VH;0.2;0.5;500;mean;0;0.1;289;0.09207161125319693;0.5981341540833004;0.17647058823529413;0.06228373702422145;18.0;84;271;0.06228373702422145;0.8235294117647058;0.9377162629757786;0.019073771312832832;0.004321519285440445
FMT_C;FMT_C;test;SAE_D2_RVH_FMT_C;VH;0.2;0.5;500;mean;0;0.1;311;0.860431654676259;0.7786766013541464;0.7786458333333334;0.9614147909967846;299.0;85;12;0.9614147909967846;0.22135416666666666;0.03858520900321544;0.8755246996879578;0.449468195438385
FMT_C;FMT_C;val;SAE_D2_RVH_FMT_C;VH;0.2;0.1;1;max;0.0;0.5;316;0.9556962025316456;0.8022114796393763;0.9556962025316456;0.9556962025316456;302.0;14;14;0.9556962025316456;0.04430379746835443;0.04430379746835443;0.7067407965660095;0.3632945418357849
FMT_C;Capitan;test;SAE_D2_RVH_FMT_C;VH;0.2;0.1;1;max;0;0.5;144;0.2868217054263566;0.5909099274007784;0.32456140350877194;0.2569444444444444;37.0;77;107;0.2569444444444444;0.6754385964912281;0.7430555555555556;0.09602384269237518;0.01849432662129402
FMT_C;SEILS;test;SAE_D2_RVH_FMT_C;VH;0.2;0.1;1;max;0;0.5;289;0.29394812680115273;0.6687389043756369;0.2518518518518518;0.35294117647058826;102.0;303;187;0.35294117647058826;0.7481481481481481;0.6470588235294118;0.13984529674053192;0.04399944096803665
FMT_C;FMT_C;test;SAE_D2_RVH_FMT_C;VH;0.2;0.1;1;max;0;0.5;311;0.9333333333333333;0.7963319344529824;0.9216300940438872;0.9453376205787781;294.0;25;17;0.9453376205787781;0.07836990595611286;0.05466237942122187;0.9157777428627014;0.5027695298194885
FMT_C;FMT_C;val;SAE_D2_RVH_FMT_C;VH;0.2;0.2;1;max;0.0;0.4;316;0.8118518518518518;0.7793235126841671;0.7632311977715878;0.8670886075949367;274.0;85;42;0.8670886075949367;0.23676880222841226;0.13291139240506328;0.52962726354599;0.25533729791641235
FMT_C;Capitan;test;SAE_D2_RVH_FMT_C;VH;0.2;0.2;1;max;0;0.4;144;0.0881057268722467;0.6058335875308536;0.12048192771084337;0.06944444444444445;10.0;73;134;0.06944444444444445;0.8795180722891566;0.9305555555555556;0.012689302675426006;0.003203024622052908
FMT_C;SEILS;test;SAE_D2_RVH_FMT_C;VH;0.2;0.2;1;max;0;0.4;289;0.1913303437967115;0.6803126243992784;0.16842105263157894;0.22145328719723184;64.0;316;225;0.22145328719723184;0.8315789473684211;0.7785467128027682;0.07293926924467087;0.02436552196741104
FMT_C;FMT_C;test;SAE_D2_RVH_FMT_C;VH;0.2;0.2;1;max;0;0.4;311;0.7718794835007173;0.7756106333784382;0.6968911917098446;0.864951768488746;269.0;117;42;0.864951768488746;0.30310880829015546;0.13504823151125403;0.7272062301635742;0.36764585971832275
FMT_C;FMT_C;val;SAE_D2_RVH_FMT_C;VH;0.2;0.3;1;max;0.0;0.55;316;0.5507246376811595;0.8061721883263765;0.4717832957110609;0.6613924050632911;209.0;234;107;0.6613924050632911;0.5282167042889391;0.33860759493670883;0.3696693181991577;0.18489958345890045
FMT_C;Capitan;test;SAE_D2_RVH_FMT_C;VH;0.2;0.3;1;max;0;0.55;144;0.1932367149758454;0.7169359956100487;0.31746031746031744;0.1388888888888889;20.0;43;124;0.1388888888888889;0.6825396825396826;0.8611111111111112;0.09430035203695297;0.04045625030994415
FMT_C;SEILS;test;SAE_D2_RVH_FMT_C;VH;0.2;0.3;1;max;0;0.55;289;0.10707456978967496;0.651770690465848;0.11965811965811966;0.09688581314878893;28.0;206;261;0.09688581314878893;0.8803418803418803;0.903114186851211;0.018155276775360107;0.005141899921000004
FMT_C;FMT_C;test;SAE_D2_RVH_FMT_C;VH;0.2;0.3;1;max;0;0.55;311;0.5205128205128204;0.8006895639876666;0.43283582089552236;0.6527331189710611;203.0;266;108;0.6527331189710611;0.5671641791044776;0.34726688102893893;0.46328091621398926;0.2581250071525574
FMT_C;FMT_C;val;SAE_D2_RVH_FMT_C;VH;0.2;0.4;1;max;0.0;0.3;316;0.39595375722543347;0.7555133647187053;0.36436170212765956;0.43354430379746833;137.0;239;179;0.43354430379746833;0.6356382978723404;0.5664556962025317;0.1678319126367569;0.08306890726089478
FMT_C;Capitan;test;SAE_D2_RVH_FMT_C;VH;0.2;0.4;1;max;0;0.3;144;0.13636363636363635;0.6971693506217832;0.19736842105263158;0.10416666666666667;15.0;61;129;0.10416666666666667;0.8026315789473685;0.8958333333333334;0.045480020344257355;0.019105907529592514
FMT_C;SEILS;test;SAE_D2_RVH_FMT_C;VH;0.2;0.4;1;max;0;0.3;289;0.07352941176470588;0.7623695902606918;0.12605042016806722;0.05190311418685121;15.0;104;274;0.05190311418685121;0.8739495798319328;0.9480968858131488;0.01601974107325077;0.008247936144471169
FMT_C;FMT_C;test;SAE_D2_RVH_FMT_C;VH;0.2;0.4;1;max;0;0.3;311;0.3693181818181818;0.7544552735478587;0.33078880407124683;0.4180064308681672;130.0;263;181;0.4180064308681672;0.6692111959287532;0.5819935691318328;0.24754275381565094;0.11658038198947906
FMT_C;FMT_C;val;SAE_D2_RVH_FMT_C;VH;0.2;0.5;1;max;0.0;0.1;316;0.2049062049062049;0.7109425367458545;0.1883289124668435;0.22468354430379747;71.0;306;245;0.22468354430379747;0.8116710875331565;0.7753164556962026;0.050798457115888596;0.025521084666252136
FMT_C;Capitan;test;SAE_D2_RVH_FMT_C;VH;0.2;0.5;1;max;0;0.1;144;0.21551724137931033;0.6158888758744367;0.2840909090909091;0.1736111111111111;25.0;63;119;0.1736111111111111;0.7159090909090909;0.8263888888888888;0.14796437323093414;0.04033118486404419
FMT_C;SEILS;test;SAE_D2_RVH_FMT_C;VH;0.2;0.5;1;max;0;0.1;289;0.08040201005025126;0.6963721929575697;0.14678899082568808;0.05536332179930796;16.0;93;273;0.05536332179930796;0.8532110091743119;0.9446366782006921;0.014696073718369007;0.006566466297954321
FMT_C;FMT_C;test;SAE_D2_RVH_FMT_C;VH;0.2;0.5;1;max;0;0.1;311;0.17050067658998647;0.7097946524367142;0.14719626168224298;0.20257234726688103;63.0;365;248;0.20257234726688103;0.852803738317757;0.797427652733119;0.07903008908033371;0.02991703525185585
FMT_C;FMT_C;val;SAE_D2_RVH_FMT_C;VH;0.2;0.1;2;max;0.0;0.7;316;0.9746031746031746;0.8338909789924798;0.9777070063694268;0.9715189873417721;307.0;7;9;0.9715189873417721;0.022292993630573247;0.028481012658227847;0.7512101531028748;0.3918188214302063
FMT_C;Capitan;test;SAE_D2_RVH_FMT_C;VH;0.2;0.1;2;max;0;0.7;144;0.20634920634920634;0.6451508217205346;0.24074074074074073;0.18055555555555555;26.0;82;118;0.18055555555555555;0.7592592592592593;0.8194444444444444;0.06048812344670296;0.016073035076260567
FMT_C;SEILS;test;SAE_D2_RVH_FMT_C;VH;0.2;0.1;2;max;0;0.7;289;0.3959390862944162;0.6865683086110176;0.312625250501002;0.5397923875432526;156.0;343;133;0.5397923875432526;0.687374749498998;0.4602076124567474;0.24872709810733795;0.08357598632574081
FMT_C;FMT_C;test;SAE_D2_RVH_FMT_C;VH;0.2;0.1;2;max;0;0.7;311;0.9727126805778491;0.8107840840924314;0.9711538461538461;0.9742765273311897;303.0;9;8;0.9742765273311897;0.028846153846153848;0.02572347266881029;0.9615748524665833;0.5401046276092529
FMT_C;FMT_C;val;SAE_D2_RVH_FMT_C;VH;0.2;0.2;2;max;0.0;0.6;316;0.9316770186335404;0.8170441765355795;0.9146341463414634;0.9493670886075949;300.0;28;16;0.9493670886075949;0.08536585365853659;0.05063291139240506;0.6511618494987488;0.33297237753868103
FMT_C;Capitan;test;SAE_D2_RVH_FMT_C;VH;0.2;0.2;2;max;0;0.6;144;0.19011406844106465;0.6350172502420305;0.21008403361344538;0.1736111111111111;25.0;94;119;0.1736111111111111;0.7899159663865546;0.8263888888888888;0.041866399347782135;0.011700899340212345
FMT_C;SEILS;test;SAE_D2_RVH_FMT_C;VH;0.2;0.2;2;max;0;0.6;289;0.35294117647058826;0.6644930260988924;0.28361344537815125;0.4671280276816609;135.0;341;154;0.4671280276816609;0.7163865546218487;0.532871972318339;0.19935975968837738;0.06291454285383224
FMT_C;FMT_C;test;SAE_D2_RVH_FMT_C;VH;0.2;0.2;2;max;0;0.6;311;0.940625;0.7980245681977669;0.9148936170212766;0.9678456591639871;301.0;28;10;0.9678456591639871;0.0851063829787234;0.03215434083601286;0.9468570947647095;0.5091603994369507
FMT_C;FMT_C;val;SAE_D2_RVH_FMT_C;VH;0.2;0.3;2;max;0.0;0.45;316;0.8094534711964548;0.7860653398551698;0.7590027700831025;0.8670886075949367;274.0;87;42;0.8670886075949367;0.2409972299168975;0.13291139240506328;0.5386090874671936;0.2714851498603821
FMT_C;Capitan;test;SAE_D2_RVH_FMT_C;VH;0.2;0.3;2;max;0;0.45;144;0.16783216783216784;0.6450994496756629;0.16901408450704225;0.16666666666666666;24.0;118;120;0.16666666666666666;0.8309859154929577;0.8333333333333334;0.043719928711652756;0.009853119030594826
FMT_C;SEILS;test;SAE_D2_RVH_FMT_C;VH;0.2;0.3;2;max;0;0.45;289;0.25;0.6861812654102569;0.2088167053364269;0.31141868512110726;90.0;341;199;0.31141868512110726;0.7911832946635731;0.6885813148788927;0.10574162751436234;0.035841360688209534
FMT_C;FMT_C;test;SAE_D2_RVH_FMT_C;VH;0.2;0.3;2;max;0;0.45;311;0.8086330935251799;0.779929015110879;0.7317708333333334;0.9035369774919614;281.0;103;30;0.9035369774919614;0.2682291666666667;0.09646302250803858;0.7752218842506409;0.39795950055122375
FMT_C;FMT_C;val;SAE_D2_RVH_FMT_C;VH;0.2;0.4;2;max;0.0;0.6;316;0.5838323353293413;0.7863342897209942;0.5539772727272727;0.6170886075949367;195.0;157;121;0.6170886075949367;0.4460227272727273;0.3829113924050633;0.32244792580604553;0.14995335042476654
FMT_C;Capitan;test;SAE_D2_RVH_FMT_C;VH;0.2;0.4;2;max;0;0.6;144;0.08530805687203792;0.6244825833780467;0.13432835820895522;0.0625;9.0;58;135;0.0625;0.8656716417910447;0.9375;0.02127356082201004;0.005216780584305525
FMT_C;SEILS;test;SAE_D2_RVH_FMT_C;VH;0.2;0.4;2;max;0;0.6;289;0.10677618069815197;0.675864656626562;0.13131313131313133;0.08996539792387544;26.0;172;263;0.08996539792387544;0.8686868686868687;0.9100346020761245;0.0270331222563982;0.008714018389582634
FMT_C;FMT_C;test;SAE_D2_RVH_FMT_C;VH;0.2;0.4;2;max;0;0.6;311;0.45919778699861685;0.7477084795170508;0.4029126213592233;0.5337620578778135;166.0;246;145;0.5337620578778135;0.5970873786407767;0.4662379421221865;0.32353681325912476;0.1429891437292099
FMT_C;FMT_C;val;SAE_D2_RVH_FMT_C;VH;0.2;0.5;2;max;0.0;0.1;316;0.24274973147153603;0.7156701371764858;0.183739837398374;0.3575949367088608;113.0;502;203;0.3575949367088608;0.816260162601626;0.6424050632911392;0.04145533964037895;0.01616828702390194
FMT_C;Capitan;test;SAE_D2_RVH_FMT_C;VH;0.2;0.5;2;max;0;0.1;144;0.06611570247933883;0.6934092315162237;0.08163265306122448;0.05555555555555555;8.0;90;136;0.05555555555555555;0.9183673469387755;0.9444444444444444;0.018745549023151398;0.010195480659604073
FMT_C;SEILS;test;SAE_D2_RVH_FMT_C;VH;0.2;0.5;2;max;0;0.1;289;0.0767590618336887;0.7176205570514962;0.1;0.06228373702422145;18.0;162;271;0.06228373702422145;0.9;0.9377162629757786;0.016630683094263077;0.007966634817421436
FMT_C;FMT_C;test;SAE_D2_RVH_FMT_C;VH;0.2;0.5;2;max;0;0.1;311;0.28839390386869873;0.7247656450639055;0.22693726937269373;0.3954983922829582;123.0;419;188;0.3954983922829582;0.7730627306273062;0.6045016077170418;0.16120661795139313;0.058920007199048996
FMT_C;FMT_C;val;SAE_D2_RVH_FMT_C;VH;0.2;0.1;5;max;0.0;0.75;316;0.9559748427672956;0.8276510780356907;0.95;0.9620253164556962;304.0;16;12;0.9620253164556962;0.05;0.0379746835443038;0.7089181542396545;0.3608420789241791
FMT_C;Capitan;test;SAE_D2_RVH_FMT_C;VH;0.2;0.1;5;max;0;0.75;144;0.25735294117647056;0.6348597848294897;0.2734375;0.24305555555555555;35.0;93;109;0.24305555555555555;0.7265625;0.7569444444444444;0.07208214700222015;0.018499184399843216
FMT_C;SEILS;test;SAE_D2_RVH_FMT_C;VH;0.2;0.1;5;max;0;0.75;289;0.4793388429752066;0.6919142039678763;0.36379928315412186;0.7024221453287197;203.0;355;86;0.7024221453287197;0.6362007168458781;0.2975778546712803;0.3358946144580841;0.11965110152959824
FMT_C;FMT_C;test;SAE_D2_RVH_FMT_C;VH;0.2;0.1;5;max;0;0.75;311;0.9680511182108626;0.8086721508892255;0.9619047619047619;0.9742765273311897;303.0;12;8;0.9742765273311897;0.0380952380952381;0.02572347266881029;0.9622061848640442;0.5348409414291382
FMT_C;FMT_C;val;SAE_D2_RVH_FMT_C;VH;0.2;0.2;5;max;0.0;0.8;316;0.9186746987951807;0.818079595521383;0.8764367816091954;0.9651898734177216;305.0;43;11;0.9651898734177216;0.1235632183908046;0.03481012658227848;0.5998652577400208;0.28650328516960144
FMT_C;Capitan;test;SAE_D2_RVH_FMT_C;VH;0.2;0.2;5;max;0;0.8;144;0.17557251908396945;0.651160356693717;0.19491525423728814;0.1597222222222222;23.0;95;121;0.1597222222222222;0.8050847457627118;0.8402777777777778;0.0428735576570034;0.01286306045949459
FMT_C;SEILS;test;SAE_D2_RVH_FMT_C;VH;0.2;0.2;5;max;0;0.8;289;0.343649946638207;0.6759759257662055;0.24845679012345678;0.5570934256055363;161.0;487;128;0.5570934256055363;0.7515432098765432;0.4429065743944637;0.19196100533008575;0.06206764653325081
FMT_C;FMT_C;test;SAE_D2_RVH_FMT_C;VH;0.2;0.2;5;max;0;0.8;311;0.9107413010590014;0.7987387879462862;0.86;0.9678456591639871;301.0;49;10;0.9678456591639871;0.14;0.03215434083601286;0.9223757386207581;0.4837733209133148
FMT_C;FMT_C;val;SAE_D2_RVH_FMT_C;VH;0.2;0.3;5;max;0.0;0.65;316;0.8150134048257374;0.7986166263075183;0.7069767441860465;0.9620253164556962;304.0;126;12;0.9620253164556962;0.2930232558139535;0.0379746835443038;0.5402197241783142;0.25717025995254517
FMT_C;Capitan;test;SAE_D2_RVH_FMT_C;VH;0.2;0.3;5;max;0;0.65;144;0.28571428571428575;0.6453310868763599;0.25405405405405407;0.3263888888888889;47.0;138;97;0.3263888888888889;0.745945945945946;0.6736111111111112;0.12660954892635345;0.032081954181194305
FMT_C;SEILS;test;SAE_D2_RVH_FMT_C;VH;0.2;0.3;5;max;0;0.65;289;0.2802395209580838;0.694854272494338;0.21428571428571427;0.40484429065743943;117.0;429;172;0.40484429065743943;0.7857142857142857;0.5951557093425606;0.12040939182043076;0.040692172944545746
FMT_C;FMT_C;test;SAE_D2_RVH_FMT_C;VH;0.2;0.3;5;max;0;0.65;311;0.8053691275167785;0.7843865565570953;0.6912442396313364;0.9646302250803859;300.0;134;11;0.9646302250803859;0.3087557603686636;0.03536977491961415;0.8046780824661255;0.42131009697914124
FMT_C;FMT_C;val;SAE_D2_RVH_FMT_C;VH;0.2;0.4;5;max;0.0;0.4;316;0.673469387755102;0.7478946288852287;0.5641025641025641;0.8354430379746836;264.0;204;52;0.8354430379746836;0.4358974358974359;0.16455696202531644;0.4113489091396332;0.18601994216442108
FMT_C;Capitan;test;SAE_D2_RVH_FMT_C;VH;0.2;0.4;5;max;0;0.4;144;0.05763688760806917;0.6021003321221969;0.04926108374384237;0.06944444444444445;10.0;193;134;0.06944444444444445;0.9507389162561576;0.9305555555555556;0.011319813318550587;0.0025619775988161564
FMT_C;SEILS;test;SAE_D2_RVH_FMT_C;VH;0.2;0.4;5;max;0;0.4;289;0.16133162612035853;0.6791086587527271;0.12804878048780488;0.2179930795847751;63.0;429;226;0.2179930795847751;0.8719512195121951;0.7820069204152249;0.04857277870178223;0.015111657790839672
FMT_C;FMT_C;test;SAE_D2_RVH_FMT_C;VH;0.2;0.4;5;max;0;0.4;311;0.66013986013986;0.7300947282207727;0.5841584158415841;0.7588424437299035;236.0;168;75;0.7588424437299035;0.4158415841584158;0.24115755627009647;0.5644551515579224;0.23104973137378693
FMT_C;FMT_C;val;SAE_D2_RVH_FMT_C;VH;0.2;0.5;5;max;0.0;0.25;316;0.4135737009544009;0.7297842989661146;0.31100478468899523;0.6170886075949367;195.0;432;121;0.6170886075949367;0.6889952153110048;0.3829113924050633;0.18859894573688507;0.07403050363063812
FMT_C;Capitan;test;SAE_D2_RVH_FMT_C;VH;0.2;0.5;5;max;0;0.25;144;0.02926829268292683;0.5815864502982292;0.022556390977443608;0.041666666666666664;6.0;260;138;0.041666666666666664;0.9774436090225563;0.9583333333333334;0.002883709967136383;0.0005983716109767556
FMT_C;SEILS;test;SAE_D2_RVH_FMT_C;VH;0.2;0.5;5;max;0;0.25;289;0.1329479768786127;0.640479762349577;0.1141439205955335;0.15916955017301038;46.0;357;243;0.15916955017301038;0.8858560794044665;0.8408304498269896;0.02906460501253605;0.007418192923069
FMT_C;FMT_C;test;SAE_D2_RVH_FMT_C;VH;0.2;0.5;5;max;0;0.25;311;0.34864300626304806;0.7194916558994374;0.2581143740340031;0.5369774919614148;167.0;480;144;0.5369774919614148;0.7418856259659969;0.4630225080385852;0.21744976937770844;0.0808502584695816
FMT_C;FMT_C;val;SAE_D2_RVH_FMT_C;VH;0.2;0.1;25;max;0.0;0.85;316;0.9544740973312403;0.8307905439603088;0.9470404984423676;0.9620253164556962;304.0;17;12;0.9620253164556962;0.0529595015576324;0.0379746835443038;0.5982078909873962;0.2894282639026642
FMT_C;Capitan;test;SAE_D2_RVH_FMT_C;VH;0.2;0.1;25;max;0;0.85;144;0.2798634812286689;0.6474464000531416;0.2751677852348993;0.2847222222222222;41.0;108;103;0.2847222222222222;0.7248322147651006;0.7152777777777778;0.08501798659563065;0.021781515330076218
FMT_C;SEILS;test;SAE_D2_RVH_FMT_C;VH;0.2;0.1;25;max;0;0.85;289;0.4798301486199576;0.71375742013589;0.3460949464012251;0.7820069204152249;226.0;427;63;0.7820069204152249;0.6539050535987749;0.2179930795847751;0.341903418302536;0.13499876856803894
FMT_C;FMT_C;test;SAE_D2_RVH_FMT_C;VH;0.2;0.1;25;max;0;0.85;311;0.9513343799058085;0.8104791488656871;0.9294478527607362;0.9742765273311897;303.0;23;8;0.9742765273311897;0.0705521472392638;0.02572347266881029;0.9411929845809937;0.5193127393722534
FMT_C;FMT_C;val;SAE_D2_RVH_FMT_C;VH;0.2;0.2;25;max;0.0;0.9;316;0.8681948424068766;0.823615667571034;0.7931937172774869;0.9588607594936709;303.0;79;13;0.9588607594936709;0.20680628272251309;0.04113924050632911;0.42412638664245605;0.1919890195131302
FMT_C;Capitan;test;SAE_D2_RVH_FMT_C;VH;0.2;0.2;25;max;0;0.9;144;0.16556291390728475;0.6163783808583958;0.15822784810126583;0.1736111111111111;25.0;133;119;0.1736111111111111;0.8417721518987342;0.8263888888888888;0.03454000875353813;0.007871580310165882
FMT_C;SEILS;test;SAE_D2_RVH_FMT_C;VH;0.2;0.2;25;max;0;0.9;289;0.40940254652301666;0.7020972146003546;0.2855191256830601;0.7231833910034602;209.0;523;80;0.7231833910034602;0.7144808743169399;0.2768166089965398;0.2533723711967468;0.09272419661283493
FMT_C;FMT_C;test;SAE_D2_RVH_FMT_C;VH;0.2;0.2;25;max;0;0.9;311;0.9123867069486404;0.8007566515309065;0.8603988603988604;0.9710610932475884;302.0;49;9;0.9710610932475884;0.1396011396011396;0.028938906752411574;0.9222842454910278;0.4857400059700012
FMT_C;FMT_C;val;SAE_D2_RVH_FMT_C;VH;0.2;0.3;25;max;0.0;0.9;316;0.8074369189907039;0.809428746753337;0.6956521739130435;0.9620253164556962;304.0;133;12;0.9620253164556962;0.30434782608695654;0.0379746835443038;0.3435605466365814;0.14265356957912445
FMT_C;Capitan;test;SAE_D2_RVH_FMT_C;VH;0.2;0.3;25;max;0;0.9;144;0.23529411764705882;0.6221055603390782;0.2222222222222222;0.25;36.0;126;108;0.25;0.7777777777777778;0.75;0.07213970273733139;0.017454326152801514
FMT_C;SEILS;test;SAE_D2_RVH_FMT_C;VH;0.2;0.3;25;max;0;0.9;289;0.29935720844811753;0.6928047912255313;0.20375;0.5640138408304498;163.0;637;126;0.5640138408304498;0.79625;0.4359861591695502;0.15032459795475006;0.052021436393260956
FMT_C;FMT_C;test;SAE_D2_RVH_FMT_C;VH;0.2;0.3;25;max;0;0.9;311;0.8431372549019609;0.7942076702874481;0.7468982630272953;0.9678456591639871;301.0;102;10;0.9678456591639871;0.2531017369727047;0.03215434083601286;0.8428058624267578;0.4356989860534668
FMT_C;FMT_C;val;SAE_D2_RVH_FMT_C;VH;0.2;0.4;25;max;0.0;0.9;316;0.7796610169491525;0.7950666507602414;0.6629711751662971;0.9462025316455697;299.0;152;17;0.9462025316455697;0.3370288248337029;0.05379746835443038;0.2886369228363037;0.11214093118906021
FMT_C;Capitan;test;SAE_D2_RVH_FMT_C;VH;0.2;0.4;25;max;0;0.9;144;0.17940199335548174;0.6026417185402534;0.17197452229299362;0.1875;27.0;130;117;0.1875;0.8280254777070064;0.8125;0.05569949746131897;0.009054265916347504
FMT_C;SEILS;test;SAE_D2_RVH_FMT_C;VH;0.2;0.4;25;max;0;0.9;289;0.20045558086560364;0.6913197399695218;0.1494057724957555;0.3044982698961938;88.0;501;201;0.3044982698961938;0.8505942275042445;0.6955017301038062;0.06471043825149536;0.021795818582177162
FMT_C;FMT_C;test;SAE_D2_RVH_FMT_C;VH;0.2;0.4;25;max;0;0.9;311;0.7561929595827901;0.7796609971956586;0.6359649122807017;0.932475884244373;290.0;166;21;0.932475884244373;0.36403508771929827;0.06752411575562701;0.6830030083656311;0.33370521664619446
FMT_C;FMT_C;val;SAE_D2_RVH_FMT_C;VH;0.2;0.5;25;max;0.0;0.75;316;0.6699029126213591;0.7469065587245032;0.5433070866141733;0.8734177215189873;276.0;232;40;0.8734177215189873;0.4566929133858268;0.12658227848101267;0.2873927056789398;0.10808815807104111
FMT_C;Capitan;test;SAE_D2_RVH_FMT_C;VH;0.2;0.5;25;max;0;0.75;144;0.3276836158192091;0.6423520503366592;0.2761904761904762;0.4027777777777778;58.0;152;86;0.4027777777777778;0.7238095238095238;0.5972222222222222;0.15259191393852234;0.038312021642923355
FMT_C;SEILS;test;SAE_D2_RVH_FMT_C;VH;0.2;0.5;25;max;0;0.75;289;0.1568627450980392;0.6772421569121504;0.10741687979539642;0.2906574394463668;84.0;698;205;0.2906574394463668;0.8925831202046036;0.7093425605536332;0.04343458265066147;0.01371405553072691
FMT_C;FMT_C;test;SAE_D2_RVH_FMT_C;VH;0.2;0.5;25;max;0;0.75;311;0.5701149425287356;0.7462503842527409;0.44364937388193204;0.797427652733119;248.0;311;63;0.797427652733119;0.556350626118068;0.20257234726688103;0.41810303926467896;0.1742817461490631
FMT_C;FMT_C;val;SAE_D2_RVH_FMT_C;VH;0.2;0.1;75;max;0.0;0.85;316;0.9503105590062113;0.8246961397742782;0.9329268292682927;0.9683544303797469;306.0;22;10;0.9683544303797469;0.06707317073170732;0.03164556962025317;0.517329216003418;0.24034833908081055
FMT_C;Capitan;test;SAE_D2_RVH_FMT_C;VH;0.2;0.1;75;max;0;0.85;144;0.3388704318936877;0.6429715163856156;0.3248407643312102;0.3541666666666667;51.0;106;93;0.3541666666666667;0.6751592356687898;0.6458333333333334;0.12214428931474686;0.03274371847510338
FMT_C;SEILS;test;SAE_D2_RVH_FMT_C;VH;0.2;0.1;75;max;0;0.85;289;0.4358974358974359;0.7149619576684634;0.30482758620689654;0.7647058823529411;221.0;504;68;0.7647058823529411;0.6951724137931035;0.23529411764705882;0.31660187244415283;0.12565091252326965
FMT_C;FMT_C;test;SAE_D2_RVH_FMT_C;VH;0.2;0.1;75;max;0;0.85;311;0.9544740973312402;0.8059470931226228;0.9325153374233128;0.977491961414791;304.0;22;7;0.977491961414791;0.06748466257668712;0.022508038585209004;0.9504746198654175;0.5228554606437683
FMT_C;FMT_C;val;SAE_D2_RVH_FMT_C;VH;0.2;0.2;75;max;0.0;0.9;316;0.9026548672566371;0.8093034886576871;0.8453038674033149;0.9683544303797469;306.0;56;10;0.9683544303797469;0.15469613259668508;0.03164556962025317;0.3543778359889984;0.14880043268203735
FMT_C;Capitan;test;SAE_D2_RVH_FMT_C;VH;0.2;0.2;75;max;0;0.9;144;0.29878048780487804;0.659907229713951;0.266304347826087;0.3402777777777778;49.0;135;95;0.3402777777777778;0.7336956521739131;0.6597222222222222;0.1096838116645813;0.031632211059331894
FMT_C;SEILS;test;SAE_D2_RVH_FMT_C;VH;0.2;0.2;75;max;0;0.9;289;0.34027777777777773;0.7262946604621167;0.22711471610660486;0.6782006920415224;196.0;667;93;0.6782006920415224;0.7728852838933952;0.3217993079584775;0.18021352589130402;0.07600139081478119
FMT_C;FMT_C;test;SAE_D2_RVH_FMT_C;VH;0.2;0.2;75;max;0;0.9;311;0.851123595505618;0.7995869986843093;0.7556109725685786;0.9742765273311897;303.0;98;8;0.9742765273311897;0.24438902743142144;0.02572347266881029;0.8728234171867371;0.46658986806869507
FMT_C;FMT_C;val;SAE_D2_RVH_FMT_C;VH;0.2;0.3;75;max;0.0;0.9;316;0.7558859975216853;0.7728776271701702;0.6211812627291242;0.9651898734177216;305.0;186;11;0.9651898734177216;0.3788187372708758;0.03481012658227848;0.23052091896533966;0.08113826811313629
FMT_C;Capitan;test;SAE_D2_RVH_FMT_C;VH;0.2;0.3;75;max;0;0.9;144;0.40782122905027934;0.6749584804882863;0.3411214953271028;0.5069444444444444;73.0;141;71;0.5069444444444444;0.6588785046728972;0.4930555555555556;0.23955689370632172;0.0785541757941246
FMT_C;SEILS;test;SAE_D2_RVH_FMT_C;VH;0.2;0.3;75;max;0;0.9;289;0.2579505300353357;0.7113978192057911;0.17319098457888493;0.5051903114186851;146.0;697;143;0.5051903114186851;0.8268090154211151;0.49480968858131485;0.10215408354997635;0.04049951955676079
FMT_C;FMT_C;test;SAE_D2_RVH_FMT_C;VH;0.2;0.3;75;max;0;0.9;311;0.7292682926829269;0.7767220766656552;0.587426326129666;0.9614147909967846;299.0;210;12;0.9614147909967846;0.412573673870334;0.03858520900321544;0.742553174495697;0.36190110445022583
FMT_C;FMT_C;val;SAE_D2_RVH_FMT_C;VH;0.2;0.4;75;max;0.0;0.9;316;0.6598870056497176;0.7455712735994594;0.5131810193321616;0.9240506329113924;292.0;277;24;0.9240506329113924;0.4868189806678383;0.0759493670886076;0.15063513815402985;0.049216486513614655
FMT_C;Capitan;test;SAE_D2_RVH_FMT_C;VH;0.2;0.4;75;max;0;0.9;144;0.3444976076555024;0.6539818418886012;0.26277372262773724;0.5;72.0;202;72;0.5;0.7372262773722628;0.5;0.20302806794643402;0.05586085841059685
FMT_C;SEILS;test;SAE_D2_RVH_FMT_C;VH;0.2;0.4;75;max;0;0.9;289;0.1773117254528122;0.7007671549106832;0.12236842105263158;0.3217993079584775;93.0;667;196;0.3217993079584775;0.8776315789473684;0.6782006920415224;0.04605640843510628;0.01680600456893444
FMT_C;FMT_C;test;SAE_D2_RVH_FMT_C;VH;0.2;0.4;75;max;0;0.9;311;0.6861826697892272;0.7314501233206073;0.5395948434622467;0.9421221864951769;293.0;250;18;0.9421221864951769;0.4604051565377532;0.05787781350482315;0.6468350291252136;0.2640058994293213
FMT_C;FMT_C;val;SAE_D2_RVH_FMT_C;VH;0.2;0.5;75;max;0.0;0.9;316;0.5533869115958668;0.7375767111136456;0.43423423423423424;0.7626582278481012;241.0;314;75;0.7626582278481012;0.5657657657657658;0.23734177215189872;0.09109807759523392;0.028905296698212624
FMT_C;Capitan;test;SAE_D2_RVH_FMT_C;VH;0.2;0.5;75;max;0;0.9;144;0.3136363636363636;0.6551389814023444;0.23310810810810811;0.4791666666666667;69.0;227;75;0.4791666666666667;0.7668918918918919;0.5208333333333334;0.1568511426448822;0.04073256254196167
FMT_C;SEILS;test;SAE_D2_RVH_FMT_C;VH;0.2;0.5;75;max;0;0.9;289;0.15371179039301308;0.6874423628557224;0.102803738317757;0.3044982698961938;88.0;768;201;0.3044982698961938;0.897196261682243;0.6955017301038062;0.038027938455343246;0.011751451529562473
FMT_C;FMT_C;test;SAE_D2_RVH_FMT_C;VH;0.2;0.5;75;max;0;0.9;311;0.5721153846153846;0.7152492394387635;0.45681381957773515;0.7652733118971061;238.0;283;73;0.7652733118971061;0.5431861804222649;0.2347266881028939;0.4614945650100708;0.1744215190410614
FMT_C;FMT_C;val;SAE_D2_RVH_FMT_C;VH;0.2;0.1;250;max;0.0;0.9;316;0.9440993788819876;0.8296280947831963;0.926829268292683;0.9620253164556962;304.0;24;12;0.9620253164556962;0.07317073170731707;0.0379746835443038;0.44887110590934753;0.20028731226921082
FMT_C;Capitan;test;SAE_D2_RVH_FMT_C;VH;0.2;0.1;250;max;0;0.9;144;0.3087719298245614;0.6437560322371294;0.3120567375886525;0.3055555555555556;44.0;97;100;0.3055555555555556;0.6879432624113475;0.6944444444444444;0.09906522929668427;0.025597598403692245
FMT_C;SEILS;test;SAE_D2_RVH_FMT_C;VH;0.2;0.1;250;max;0;0.9;289;0.44692737430167595;0.7221299358096357;0.3057324840764331;0.8304498269896193;240.0;545;49;0.8304498269896193;0.6942675159235668;0.1695501730103806;0.3200012147426605;0.1326148808002472
FMT_C;FMT_C;test;SAE_D2_RVH_FMT_C;VH;0.2;0.1;250;max;0;0.9;311;0.9422776911076444;0.8058668394563301;0.9151515151515152;0.9710610932475884;302.0;28;9;0.9710610932475884;0.08484848484848485;0.028938906752411574;0.9407969117164612;0.5089288949966431
FMT_C;FMT_C;val;SAE_D2_RVH_FMT_C;VH;0.2;0.2;250;max;0.0;0.9;316;0.7756653992395437;0.7932013699734701;0.6469344608879493;0.9683544303797469;306.0;167;10;0.9683544303797469;0.35306553911205074;0.03164556962025317;0.27170702815055847;0.1044664978981018
FMT_C;Capitan;test;SAE_D2_RVH_FMT_C;VH;0.2;0.2;250;max;0;0.9;144;0.4255319148936171;0.6476458918264787;0.3448275862068966;0.5555555555555556;80.0;152;64;0.5555555555555556;0.6551724137931034;0.4444444444444444;0.2557639181613922;0.07021438330411911
FMT_C;SEILS;test;SAE_D2_RVH_FMT_C;VH;0.2;0.2;250;max;0;0.9;289;0.21989528795811517;0.7192140086149479;0.147024504084014;0.4359861591695502;126.0;731;163;0.4359861591695502;0.852975495915986;0.5640138408304498;0.07528005540370941;0.02986798621714115
FMT_C;FMT_C;test;SAE_D2_RVH_FMT_C;VH;0.2;0.2;250;max;0;0.9;311;0.7958115183246073;0.78498544587855;0.6710816777041942;0.977491961414791;304.0;149;7;0.977491961414791;0.32891832229580575;0.022508038585209004;0.8412597179412842;0.4289742112159729
FMT_C;FMT_C;val;SAE_D2_RVH_FMT_C;VH;0.2;0.3;250;max;0.0;0.9;316;0.6255230125523012;0.7463954797139623;0.4671875;0.9462025316455697;299.0;341;17;0.9462025316455697;0.5328125;0.05379746835443038;0.14099784195423126;0.04547978192567825
FMT_C;Capitan;test;SAE_D2_RVH_FMT_C;VH;0.2;0.3;250;max;0;0.9;144;0.40786240786240785;0.6582551702402765;0.3155893536121673;0.5763888888888888;83.0;180;61;0.5763888888888888;0.6844106463878327;0.4236111111111111;0.24344508349895477;0.06546282768249512
FMT_C;SEILS;test;SAE_D2_RVH_FMT_C;VH;0.2;0.3;250;max;0;0.9;289;0.14853556485355646;0.7018982492974435;0.10644677661169415;0.24567474048442905;71.0;596;218;0.24567474048442905;0.8935532233883059;0.754325259515571;0.03023390658199787;0.010495936498045921
FMT_C;FMT_C;test;SAE_D2_RVH_FMT_C;VH;0.2;0.3;250;max;0;0.9;311;0.6285119667013528;0.7360052270521088;0.4646153846153846;0.9710610932475884;302.0;348;9;0.9710610932475884;0.5353846153846153;0.028938906752411574;0.5909751057624817;0.25220128893852234
FMT_C;FMT_C;val;SAE_D2_RVH_FMT_C;VH;0.2;0.4;250;max;0.0;0.9;316;0.478844169246646;0.6882862372783909;0.3552833078101072;0.7341772151898734;232.0;421;84;0.7341772151898734;0.6447166921898928;0.26582278481012656;0.049298711121082306;0.01349591463804245
FMT_C;Capitan;test;SAE_D2_RVH_FMT_C;VH;0.2;0.4;250;max;0;0.9;144;0.40108401084010836;0.6581129243210433;0.3288888888888889;0.5138888888888888;74.0;151;70;0.5138888888888888;0.6711111111111111;0.4861111111111111;0.2423098087310791;0.06144861504435539
FMT_C;SEILS;test;SAE_D2_RVH_FMT_C;VH;0.2;0.4;250;max;0;0.9;289;0.041379310344827586;0.6612104647040895;0.034403669724770644;0.05190311418685121;15.0;421;274;0.05190311418685121;0.9655963302752294;0.9480968858131488;0.001951244892552495;0.0006491253152489662
FMT_C;FMT_C;test;SAE_D2_RVH_FMT_C;VH;0.2;0.4;250;max;0;0.9;311;0.53125;0.6831426294508988;0.40683760683760684;0.7652733118971061;238.0;347;73;0.7652733118971061;0.5931623931623932;0.2347266881028939;0.4102476239204407;0.1349410116672516
FMT_C;FMT_C;val;SAE_D2_RVH_FMT_C;VH;0.2;0.5;250;max;0.0;0.9;316;0.3522012578616352;0.6152092669158097;0.29227557411273486;0.4430379746835443;140.0;339;176;0.4430379746835443;0.7077244258872651;0.5569620253164557;0.007804663386195898;0.0015670622233301401
FMT_C;Capitan;test;SAE_D2_RVH_FMT_C;VH;0.2;0.5;250;max;0;0.9;144;0.12158054711246201;0.630836683556578;0.10810810810810811;0.1388888888888889;20.0;165;124;0.1388888888888889;0.8918918918918919;0.8611111111111112;0.027424989268183708;0.006096913479268551
FMT_C;SEILS;test;SAE_D2_RVH_FMT_C;VH;0.2;0.5;250;max;0;0.9;289;0;0;0.0;0.0;0.0;231;289;0.0;1.0;1.0;0.0;0.0
FMT_C;FMT_C;test;SAE_D2_RVH_FMT_C;VH;0.2;0.5;250;max;0;0.9;311;0.37715803452855245;0.6451468326063268;0.3212669683257919;0.4565916398713826;142.0;300;169;0.4565916398713826;0.6787330316742082;0.5434083601286174;0.21823008358478546;0.055517058819532394
FMT_C;FMT_C;val;SAE_D2_RVH_FMT_C;VH;0.2;0.1;500;max;0.0;0.9;316;0.9142857142857144;0.8247273112579641;0.8710601719197708;0.9620253164556962;304.0;45;12;0.9620253164556962;0.12893982808022922;0.0379746835443038;0.39077863097190857;0.17165347933769226
FMT_C;Capitan;test;SAE_D2_RVH_FMT_C;VH;0.2;0.1;500;max;0;0.9;144;0.34394904458598724;0.6568062189739401;0.3176470588235294;0.375;54.0;116;90;0.375;0.6823529411764706;0.625;0.13238957524299622;0.03769196197390556
FMT_C;SEILS;test;SAE_D2_RVH_FMT_C;VH;0.2;0.1;500;max;0;0.9;289;0.4071748878923767;0.7254208702781949;0.274818401937046;0.7854671280276817;227.0;599;62;0.7854671280276817;0.725181598062954;0.21453287197231835;0.2677364647388458;0.11335448920726776
FMT_C;FMT_C;test;SAE_D2_RVH_FMT_C;VH;0.2;0.1;500;max;0;0.9;311;0.9140271493212669;0.8016382295216022;0.8607954545454546;0.9742765273311897;303.0;49;8;0.9742765273311897;0.13920454545454544;0.02572347266881029;0.9383718967437744;0.4990719258785248
FMT_C;FMT_C;val;SAE_D2_RVH_FMT_C;VH;0.2;0.2;500;max;0.0;0.9;316;0.7335722819593787;0.7855949153140781;0.5892514395393474;0.9715189873417721;307.0;214;9;0.9715189873417721;0.4107485604606526;0.028481012658227847;0.2160312980413437;0.08065615594387054
FMT_C;Capitan;test;SAE_D2_RVH_FMT_C;VH;0.2;0.2;500;max;0;0.9;144;0.5449735449735449;0.6747868393433338;0.44017094017094016;0.7152777777777778;103.0;131;41;0.7152777777777778;0.5598290598290598;0.2847222222222222;0.40942978858947754;0.13504096865653992
FMT_C;SEILS;test;SAE_D2_RVH_FMT_C;VH;0.2;0.2;500;max;0;0.9;289;0.13953488372093023;0.7028939346210114;0.09541984732824428;0.25951557093425603;75.0;711;214;0.25951557093425603;0.9045801526717557;0.740484429065744;0.03105013631284237;0.01142446231096983
FMT_C;FMT_C;test;SAE_D2_RVH_FMT_C;VH;0.2;0.2;500;max;0;0.9;311;0.7175208581644815;0.779158089462436;0.5700757575757576;0.9678456591639871;301.0;227;10;0.9678456591639871;0.42992424242424243;0.03215434083601286;0.720135509967804;0.36316028237342834
FMT_C;FMT_C;val;SAE_D2_RVH_FMT_C;VH;0.2;0.3;500;max;0.0;0.9;316;0.6141078838174274;0.712117902299425;0.4567901234567901;0.9367088607594937;296.0;352;20;0.9367088607594937;0.5432098765432098;0.06329113924050633;0.08686041086912155;0.02682608924806118
FMT_C;Capitan;test;SAE_D2_RVH_FMT_C;VH;0.2;0.3;500;max;0;0.9;144;0.44943820224719105;0.6426134754008295;0.33222591362126247;0.6944444444444444;100.0;201;44;0.6944444444444444;0.6677740863787376;0.3055555555555556;0.31391721963882446;0.08577550947666168
FMT_C;SEILS;test;SAE_D2_RVH_FMT_C;VH;0.2;0.3;500;max;0;0.9;289;0.03286978508217447;0.6340070757190921;0.025896414342629483;0.04498269896193772;13.0;489;276;0.04498269896193772;0.9741035856573705;0.9550173010380623;0.0014514096546918154;0.00040771299973130226
FMT_C;FMT_C;test;SAE_D2_RVH_FMT_C;VH;0.2;0.3;500;max;0;0.9;311;0.5640516385302881;0.7230234656724028;0.40804597701149425;0.9131832797427653;284.0;412;27;0.9131832797427653;0.5919540229885057;0.08681672025723473;0.5280221700668335;0.21634480357170105
FMT_C;FMT_C;val;SAE_D2_RVH_FMT_C;VH;0.2;0.4;500;max;0.0;0.9;316;0.38862559241706157;0.6327418579363259;0.3106060606060606;0.5189873417721519;164.0;364;152;0.5189873417721519;0.6893939393939394;0.4810126582278481;0.01263717282563448;0.00313282897695899
FMT_C;Capitan;test;SAE_D2_RVH_FMT_C;VH;0.2;0.4;500;max;0;0.9;144;0.17391304347826084;0.5999708639775375;0.14925373134328357;0.20833333333333334;30.0;171;114;0.20833333333333334;0.8507462686567164;0.7916666666666666;0.051217999309301376;0.009507080540060997
FMT_C;SEILS;test;SAE_D2_RVH_FMT_C;VH;0.2;0.4;500;max;0;0.9;289;0.003824091778202677;0.5633336460512011;0.004273504273504274;0.0034602076124567475;1.0;233;288;0.0034602076124567475;0.9957264957264957;0.9965397923875432;3.035269764950499e-05;1.737015918479301e-05
FMT_C;FMT_C;test;SAE_D2_RVH_FMT_C;VH;0.2;0.4;500;max;0;0.9;311;0.44772727272727275;0.6527259489905765;0.3462214411247803;0.6334405144694534;197.0;372;114;0.6334405144694534;0.6537785588752196;0.3665594855305466;0.33313867449760437;0.08916962146759033
FMT_C;FMT_C;val;SAE_D2_RVH_FMT_C;VH;0.2;0.5;500;max;0.0;0.9;316;0.13333333333333336;0.6037435086108014;0.12790697674418605;0.13924050632911392;44.0;300;272;0.13924050632911392;0.872093023255814;0.8607594936708861;0.0007006712257862091;0.0002616570272948593
FMT_C;Capitan;test;SAE_D2_RVH_FMT_C;VH;0.2;0.5;500;max;0;0.9;144;0;0;0.0;0.0;0.0;153;144;0.0;1.0;1.0;0.0;0.0
FMT_C;SEILS;test;SAE_D2_RVH_FMT_C;VH;0.2;0.5;500;max;0;0.9;289;0;0;0.0;0.0;0.0;142;289;0.0;1.0;1.0;0.0;0.0
FMT_C;FMT_C;test;SAE_D2_RVH_FMT_C;VH;0.2;0.5;500;max;0;0.9;311;0.17845117845117844;0.6334875016055246;0.1872791519434629;0.17041800643086816;53.0;230;258;0.17041800643086816;0.8127208480565371;0.8295819935691319;0.05007833614945412;0.0132264643907547
