Source;Target;Partition;model;Resize;dropoutTrain;dropoutVal;Repetitions;Combination;VoteTH;BinTH;TotalGTBoxes;F1;IoU;Prec;Recall;TP;FP;FN;TP-norm;FP-norm;FN-norm;mAP;COCO
FMT_C;FMT_C;val;SAE_D2_RVH_FMT_C;VH;0.2;0.1;1;votes;0.25;0.5;316;0.9556962025316456;0.8022114796393763;0.9556962025316456;0.9556962025316456;302.0;14;14;0.9556962025316456;0.04430379746835443;0.04430379746835443;0.7067407965660095;0.3632945418357849
FMT_C;Capitan;test;SAE_D2_RVH_FMT_C;VH;0.2;0.1;1;votes;0.25;0.5;144;0.2868217054263566;0.5909099274007784;0.32456140350877194;0.2569444444444444;37.0;77;107;0.2569444444444444;0.6754385964912281;0.7430555555555556;0.09602384269237518;0.01849432662129402
FMT_C;SEILS;test;SAE_D2_RVH_FMT_C;VH;0.2;0.1;1;votes;0.25;0.5;289;0.29394812680115273;0.6687389043756369;0.2518518518518518;0.35294117647058826;102.0;303;187;0.35294117647058826;0.7481481481481481;0.6470588235294118;0.13984529674053192;0.04399944096803665
FMT_C;FMT_C;test;SAE_D2_RVH_FMT_C;VH;0.2;0.1;1;votes;0.25;0.5;311;0.9333333333333333;0.7963319344529824;0.9216300940438872;0.9453376205787781;294.0;25;17;0.9453376205787781;0.07836990595611286;0.05466237942122187;0.9157777428627014;0.5027695298194885
FMT_C;FMT_C;val;SAE_D2_RVH_FMT_C;VH;0.2;0.1;1;votes;0.5;0.5;316;0.9556962025316456;0.8022114796393763;0.9556962025316456;0.9556962025316456;302.0;14;14;0.9556962025316456;0.04430379746835443;0.04430379746835443;0.7067407965660095;0.3632945418357849
FMT_C;Capitan;test;SAE_D2_RVH_FMT_C;VH;0.2;0.1;1;votes;0.5;0.5;144;0.2868217054263566;0.5909099274007784;0.32456140350877194;0.2569444444444444;37.0;77;107;0.2569444444444444;0.6754385964912281;0.7430555555555556;0.09602384269237518;0.01849432662129402
FMT_C;SEILS;test;SAE_D2_RVH_FMT_C;VH;0.2;0.1;1;votes;0.5;0.5;289;0.29394812680115273;0.6687389043756369;0.2518518518518518;0.35294117647058826;102.0;303;187;0.35294117647058826;0.7481481481481481;0.6470588235294118;0.13984529674053192;0.04399944096803665
FMT_C;FMT_C;test;SAE_D2_RVH_FMT_C;VH;0.2;0.1;1;votes;0.5;0.5;311;0.9333333333333333;0.7963319344529824;0.9216300940438872;0.9453376205787781;294.0;25;17;0.9453376205787781;0.07836990595611286;0.05466237942122187;0.9157777428627014;0.5027695298194885
FMT_C;FMT_C;val;SAE_D2_RVH_FMT_C;VH;0.2;0.1;1;votes;0.75;0.5;316;0.9556962025316456;0.8022114796393763;0.9556962025316456;0.9556962025316456;302.0;14;14;0.9556962025316456;0.04430379746835443;0.04430379746835443;0.7067407965660095;0.3632945418357849
FMT_C;Capitan;test;SAE_D2_RVH_FMT_C;VH;0.2;0.1;1;votes;0.75;0.5;144;0.2868217054263566;0.5909099274007784;0.32456140350877194;0.2569444444444444;37.0;77;107;0.2569444444444444;0.6754385964912281;0.7430555555555556;0.09602384269237518;0.01849432662129402
FMT_C;SEILS;test;SAE_D2_RVH_FMT_C;VH;0.2;0.1;1;votes;0.75;0.5;289;0.29394812680115273;0.6687389043756369;0.2518518518518518;0.35294117647058826;102.0;303;187;0.35294117647058826;0.7481481481481481;0.6470588235294118;0.13984529674053192;0.04399944096803665
FMT_C;FMT_C;test;SAE_D2_RVH_FMT_C;VH;0.2;0.1;1;votes;0.75;0.5;311;0.9333333333333333;0.7963319344529824;0.9216300940438872;0.9453376205787781;294.0;25;17;0.9453376205787781;0.07836990595611286;0.05466237942122187;0.9157777428627014;0.5027695298194885
FMT_C;FMT_C;val;SAE_D2_RVH_FMT_C;VH;0.2;0.1;1;votes;1.0;0.5;316;0.9556962025316456;0.8022114796393763;0.9556962025316456;0.9556962025316456;302.0;14;14;0.9556962025316456;0.04430379746835443;0.04430379746835443;0.7067407965660095;0.3632945418357849
FMT_C;Capitan;test;SAE_D2_RVH_FMT_C;VH;0.2;0.1;1;votes;1.0;0.5;144;0.2868217054263566;0.5909099274007784;0.32456140350877194;0.2569444444444444;37.0;77;107;0.2569444444444444;0.6754385964912281;0.7430555555555556;0.09602384269237518;0.01849432662129402
FMT_C;SEILS;test;SAE_D2_RVH_FMT_C;VH;0.2;0.1;1;votes;1.0;0.5;289;0.29394812680115273;0.6687389043756369;0.2518518518518518;0.35294117647058826;102.0;303;187;0.35294117647058826;0.7481481481481481;0.6470588235294118;0.13984529674053192;0.04399944096803665
FMT_C;FMT_C;test;SAE_D2_RVH_FMT_C;VH;0.2;0.1;1;votes;1.0;0.5;311;0.9333333333333333;0.7963319344529824;0.9216300940438872;0.9453376205787781;294.0;25;17;0.9453376205787781;0.07836990595611286;0.05466237942122187;0.9157777428627014;0.5027695298194885
FMT_C;FMT_C;val;SAE_D2_RVH_FMT_C;VH;0.2;0.2;1;votes;0.25;0.4;316;0.8118518518518518;0.7793235126841671;0.7632311977715878;0.8670886075949367;274.0;85;42;0.8670886075949367;0.23676880222841226;0.13291139240506328;0.52962726354599;0.25533729791641235
FMT_C;Capitan;test;SAE_D2_RVH_FMT_C;VH;0.2;0.2;1;votes;0.25;0.4;144;0.0881057268722467;0.6058335875308536;0.12048192771084337;0.06944444444444445;10.0;73;134;0.06944444444444445;0.8795180722891566;0.9305555555555556;0.012689302675426006;0.003203024622052908
FMT_C;SEILS;test;SAE_D2_RVH_FMT_C;VH;0.2;0.2;1;votes;0.25;0.4;289;0.1913303437967115;0.6803126243992784;0.16842105263157894;0.22145328719723184;64.0;316;225;0.22145328719723184;0.8315789473684211;0.7785467128027682;0.07293926924467087;0.02436552196741104
FMT_C;FMT_C;test;SAE_D2_RVH_FMT_C;VH;0.2;0.2;1;votes;0.25;0.4;311;0.7718794835007173;0.7756106333784382;0.6968911917098446;0.864951768488746;269.0;117;42;0.864951768488746;0.30310880829015546;0.13504823151125403;0.7272062301635742;0.36764585971832275
FMT_C;FMT_C;val;SAE_D2_RVH_FMT_C;VH;0.2;0.2;1;votes;0.5;0.4;316;0.8118518518518518;0.7793235126841671;0.7632311977715878;0.8670886075949367;274.0;85;42;0.8670886075949367;0.23676880222841226;0.13291139240506328;0.52962726354599;0.25533729791641235
FMT_C;Capitan;test;SAE_D2_RVH_FMT_C;VH;0.2;0.2;1;votes;0.5;0.4;144;0.0881057268722467;0.6058335875308536;0.12048192771084337;0.06944444444444445;10.0;73;134;0.06944444444444445;0.8795180722891566;0.9305555555555556;0.012689302675426006;0.003203024622052908
FMT_C;SEILS;test;SAE_D2_RVH_FMT_C;VH;0.2;0.2;1;votes;0.5;0.4;289;0.1913303437967115;0.6803126243992784;0.16842105263157894;0.22145328719723184;64.0;316;225;0.22145328719723184;0.8315789473684211;0.7785467128027682;0.07293926924467087;0.02436552196741104
FMT_C;FMT_C;test;SAE_D2_RVH_FMT_C;VH;0.2;0.2;1;votes;0.5;0.4;311;0.7718794835007173;0.7756106333784382;0.6968911917098446;0.864951768488746;269.0;117;42;0.864951768488746;0.30310880829015546;0.13504823151125403;0.7272062301635742;0.36764585971832275
FMT_C;FMT_C;val;SAE_D2_RVH_FMT_C;VH;0.2;0.2;1;votes;0.75;0.4;316;0.8118518518518518;0.7793235126841671;0.7632311977715878;0.8670886075949367;274.0;85;42;0.8670886075949367;0.23676880222841226;0.13291139240506328;0.52962726354599;0.25533729791641235
FMT_C;Capitan;test;SAE_D2_RVH_FMT_C;VH;0.2;0.2;1;votes;0.75;0.4;144;0.0881057268722467;0.6058335875308536;0.12048192771084337;0.06944444444444445;10.0;73;134;0.06944444444444445;0.8795180722891566;0.9305555555555556;0.012689302675426006;0.003203024622052908
FMT_C;SEILS;test;SAE_D2_RVH_FMT_C;VH;0.2;0.2;1;votes;0.75;0.4;289;0.1913303437967115;0.6803126243992784;0.16842105263157894;0.22145328719723184;64.0;316;225;0.22145328719723184;0.8315789473684211;0.7785467128027682;0.07293926924467087;0.02436552196741104
FMT_C;FMT_C;test;SAE_D2_RVH_FMT_C;VH;0.2;0.2;1;votes;0.75;0.4;311;0.7718794835007173;0.7756106333784382;0.6968911917098446;0.864951768488746;269.0;117;42;0.864951768488746;0.30310880829015546;0.13504823151125403;0.7272062301635742;0.36764585971832275
FMT_C;FMT_C;val;SAE_D2_RVH_FMT_C;VH;0.2;0.2;1;votes;1.0;0.4;316;0.8118518518518518;0.7793235126841671;0.7632311977715878;0.8670886075949367;274.0;85;42;0.8670886075949367;0.23676880222841226;0.13291139240506328;0.52962726354599;0.25533729791641235
FMT_C;Capitan;test;SAE_D2_RVH_FMT_C;VH;0.2;0.2;1;votes;1.0;0.4;144;0.0881057268722467;0.6058335875308536;0.12048192771084337;0.06944444444444445;10.0;73;134;0.06944444444444445;0.8795180722891566;0.9305555555555556;0.012689302675426006;0.003203024622052908
FMT_C;SEILS;test;SAE_D2_RVH_FMT_C;VH;0.2;0.2;1;votes;1.0;0.4;289;0.1913303437967115;0.6803126243992784;0.16842105263157894;0.22145328719723184;64.0;316;225;0.22145328719723184;0.8315789473684211;0.7785467128027682;0.07293926924467087;0.02436552196741104
FMT_C;FMT_C;test;SAE_D2_RVH_FMT_C;VH;0.2;0.2;1;votes;1.0;0.4;311;0.7718794835007173;0.7756106333784382;0.6968911917098446;0.864951768488746;269.0;117;42;0.864951768488746;0.30310880829015546;0.13504823151125403;0.7272062301635742;0.36764585971832275
FMT_C;FMT_C;val;SAE_D2_RVH_FMT_C;VH;0.2;0.3;1;votes;0.25;0.55;316;0.5507246376811595;0.8061721883263765;0.4717832957110609;0.6613924050632911;209.0;234;107;0.6613924050632911;0.5282167042889391;0.33860759493670883;0.3696693181991577;0.18489958345890045
FMT_C;Capitan;test;SAE_D2_RVH_FMT_C;VH;0.2;0.3;1;votes;0.25;0.55;144;0.1932367149758454;0.7169359956100487;0.31746031746031744;0.1388888888888889;20.0;43;124;0.1388888888888889;0.6825396825396826;0.8611111111111112;0.09430035203695297;0.04045625030994415
FMT_C;SEILS;test;SAE_D2_RVH_FMT_C;VH;0.2;0.3;1;votes;0.25;0.55;289;0.10707456978967496;0.651770690465848;0.11965811965811966;0.09688581314878893;28.0;206;261;0.09688581314878893;0.8803418803418803;0.903114186851211;0.018155276775360107;0.005141899921000004
FMT_C;FMT_C;test;SAE_D2_RVH_FMT_C;VH;0.2;0.3;1;votes;0.25;0.55;311;0.5205128205128204;0.8006895639876666;0.43283582089552236;0.6527331189710611;203.0;266;108;0.6527331189710611;0.5671641791044776;0.34726688102893893;0.46328091621398926;0.2581250071525574
FMT_C;FMT_C;val;SAE_D2_RVH_FMT_C;VH;0.2;0.3;1;votes;0.5;0.55;316;0.5507246376811595;0.8061721883263765;0.4717832957110609;0.6613924050632911;209.0;234;107;0.6613924050632911;0.5282167042889391;0.33860759493670883;0.3696693181991577;0.18489958345890045
FMT_C;Capitan;test;SAE_D2_RVH_FMT_C;VH;0.2;0.3;1;votes;0.5;0.55;144;0.1932367149758454;0.7169359956100487;0.31746031746031744;0.1388888888888889;20.0;43;124;0.1388888888888889;0.6825396825396826;0.8611111111111112;0.09430035203695297;0.04045625030994415
FMT_C;SEILS;test;SAE_D2_RVH_FMT_C;VH;0.2;0.3;1;votes;0.5;0.55;289;0.10707456978967496;0.651770690465848;0.11965811965811966;0.09688581314878893;28.0;206;261;0.09688581314878893;0.8803418803418803;0.903114186851211;0.018155276775360107;0.005141899921000004
FMT_C;FMT_C;test;SAE_D2_RVH_FMT_C;VH;0.2;0.3;1;votes;0.5;0.55;311;0.5205128205128204;0.8006895639876666;0.43283582089552236;0.6527331189710611;203.0;266;108;0.6527331189710611;0.5671641791044776;0.34726688102893893;0.46328091621398926;0.2581250071525574
FMT_C;FMT_C;val;SAE_D2_RVH_FMT_C;VH;0.2;0.3;1;votes;0.75;0.55;316;0.5507246376811595;0.8061721883263765;0.4717832957110609;0.6613924050632911;209.0;234;107;0.6613924050632911;0.5282167042889391;0.33860759493670883;0.3696693181991577;0.18489958345890045
FMT_C;Capitan;test;SAE_D2_RVH_FMT_C;VH;0.2;0.3;1;votes;0.75;0.55;144;0.1932367149758454;0.7169359956100487;0.31746031746031744;0.1388888888888889;20.0;43;124;0.1388888888888889;0.6825396825396826;0.8611111111111112;0.09430035203695297;0.04045625030994415
FMT_C;SEILS;test;SAE_D2_RVH_FMT_C;VH;0.2;0.3;1;votes;0.75;0.55;289;0.10707456978967496;0.651770690465848;0.11965811965811966;0.09688581314878893;28.0;206;261;0.09688581314878893;0.8803418803418803;0.903114186851211;0.018155276775360107;0.005141899921000004
FMT_C;FMT_C;test;SAE_D2_RVH_FMT_C;VH;0.2;0.3;1;votes;0.75;0.55;311;0.5205128205128204;0.8006895639876666;0.43283582089552236;0.6527331189710611;203.0;266;108;0.6527331189710611;0.5671641791044776;0.34726688102893893;0.46328091621398926;0.2581250071525574
FMT_C;FMT_C;val;SAE_D2_RVH_FMT_C;VH;0.2;0.3;1;votes;1.0;0.55;316;0.5507246376811595;0.8061721883263765;0.4717832957110609;0.6613924050632911;209.0;234;107;0.6613924050632911;0.5282167042889391;0.33860759493670883;0.3696693181991577;0.18489958345890045
FMT_C;Capitan;test;SAE_D2_RVH_FMT_C;VH;0.2;0.3;1;votes;1.0;0.55;144;0.1932367149758454;0.7169359956100487;0.31746031746031744;0.1388888888888889;20.0;43;124;0.1388888888888889;0.6825396825396826;0.8611111111111112;0.09430035203695297;0.04045625030994415
FMT_C;SEILS;test;SAE_D2_RVH_FMT_C;VH;0.2;0.3;1;votes;1.0;0.55;289;0.10707456978967496;0.651770690465848;0.11965811965811966;0.09688581314878893;28.0;206;261;0.09688581314878893;0.8803418803418803;0.903114186851211;0.018155276775360107;0.005141899921000004
FMT_C;FMT_C;test;SAE_D2_RVH_FMT_C;VH;0.2;0.3;1;votes;1.0;0.55;311;0.5205128205128204;0.8006895639876666;0.43283582089552236;0.6527331189710611;203.0;266;108;0.6527331189710611;0.5671641791044776;0.34726688102893893;0.46328091621398926;0.2581250071525574
FMT_C;FMT_C;val;SAE_D2_RVH_FMT_C;VH;0.2;0.4;1;votes;0.25;0.3;316;0.39595375722543347;0.7555133647187053;0.36436170212765956;0.43354430379746833;137.0;239;179;0.43354430379746833;0.6356382978723404;0.5664556962025317;0.1678319126367569;0.08306890726089478
FMT_C;Capitan;test;SAE_D2_RVH_FMT_C;VH;0.2;0.4;1;votes;0.25;0.3;144;0.13636363636363635;0.6971693506217832;0.19736842105263158;0.10416666666666667;15.0;61;129;0.10416666666666667;0.8026315789473685;0.8958333333333334;0.045480020344257355;0.019105907529592514
FMT_C;SEILS;test;SAE_D2_RVH_FMT_C;VH;0.2;0.4;1;votes;0.25;0.3;289;0.07352941176470588;0.7623695902606918;0.12605042016806722;0.05190311418685121;15.0;104;274;0.05190311418685121;0.8739495798319328;0.9480968858131488;0.01601974107325077;0.008247936144471169
FMT_C;FMT_C;test;SAE_D2_RVH_FMT_C;VH;0.2;0.4;1;votes;0.25;0.3;311;0.3693181818181818;0.7544552735478587;0.33078880407124683;0.4180064308681672;130.0;263;181;0.4180064308681672;0.6692111959287532;0.5819935691318328;0.24754275381565094;0.11658038198947906
FMT_C;FMT_C;val;SAE_D2_RVH_FMT_C;VH;0.2;0.4;1;votes;0.5;0.3;316;0.39595375722543347;0.7555133647187053;0.36436170212765956;0.43354430379746833;137.0;239;179;0.43354430379746833;0.6356382978723404;0.5664556962025317;0.1678319126367569;0.08306890726089478
FMT_C;Capitan;test;SAE_D2_RVH_FMT_C;VH;0.2;0.4;1;votes;0.5;0.3;144;0.13636363636363635;0.6971693506217832;0.19736842105263158;0.10416666666666667;15.0;61;129;0.10416666666666667;0.8026315789473685;0.8958333333333334;0.045480020344257355;0.019105907529592514
FMT_C;SEILS;test;SAE_D2_RVH_FMT_C;VH;0.2;0.4;1;votes;0.5;0.3;289;0.07352941176470588;0.7623695902606918;0.12605042016806722;0.05190311418685121;15.0;104;274;0.05190311418685121;0.8739495798319328;0.9480968858131488;0.01601974107325077;0.008247936144471169
FMT_C;FMT_C;test;SAE_D2_RVH_FMT_C;VH;0.2;0.4;1;votes;0.5;0.3;311;0.3693181818181818;0.7544552735478587;0.33078880407124683;0.4180064308681672;130.0;263;181;0.4180064308681672;0.6692111959287532;0.5819935691318328;0.24754275381565094;0.11658038198947906
FMT_C;FMT_C;val;SAE_D2_RVH_FMT_C;VH;0.2;0.4;1;votes;0.75;0.3;316;0.39595375722543347;0.7555133647187053;0.36436170212765956;0.43354430379746833;137.0;239;179;0.43354430379746833;0.6356382978723404;0.5664556962025317;0.1678319126367569;0.08306890726089478
FMT_C;Capitan;test;SAE_D2_RVH_FMT_C;VH;0.2;0.4;1;votes;0.75;0.3;144;0.13636363636363635;0.6971693506217832;0.19736842105263158;0.10416666666666667;15.0;61;129;0.10416666666666667;0.8026315789473685;0.8958333333333334;0.045480020344257355;0.019105907529592514
FMT_C;SEILS;test;SAE_D2_RVH_FMT_C;VH;0.2;0.4;1;votes;0.75;0.3;289;0.07352941176470588;0.7623695902606918;0.12605042016806722;0.05190311418685121;15.0;104;274;0.05190311418685121;0.8739495798319328;0.9480968858131488;0.01601974107325077;0.008247936144471169
FMT_C;FMT_C;test;SAE_D2_RVH_FMT_C;VH;0.2;0.4;1;votes;0.75;0.3;311;0.3693181818181818;0.7544552735478587;0.33078880407124683;0.4180064308681672;130.0;263;181;0.4180064308681672;0.6692111959287532;0.5819935691318328;0.24754275381565094;0.11658038198947906
FMT_C;FMT_C;val;SAE_D2_RVH_FMT_C;VH;0.2;0.4;1;votes;1.0;0.3;316;0.39595375722543347;0.7555133647187053;0.36436170212765956;0.43354430379746833;137.0;239;179;0.43354430379746833;0.6356382978723404;0.5664556962025317;0.1678319126367569;0.08306890726089478
FMT_C;Capitan;test;SAE_D2_RVH_FMT_C;VH;0.2;0.4;1;votes;1.0;0.3;144;0.13636363636363635;0.6971693506217832;0.19736842105263158;0.10416666666666667;15.0;61;129;0.10416666666666667;0.8026315789473685;0.8958333333333334;0.045480020344257355;0.019105907529592514
FMT_C;SEILS;test;SAE_D2_RVH_FMT_C;VH;0.2;0.4;1;votes;1.0;0.3;289;0.07352941176470588;0.7623695902606918;0.12605042016806722;0.05190311418685121;15.0;104;274;0.05190311418685121;0.8739495798319328;0.9480968858131488;0.01601974107325077;0.008247936144471169
FMT_C;FMT_C;test;SAE_D2_RVH_FMT_C;VH;0.2;0.4;1;votes;1.0;0.3;311;0.3693181818181818;0.7544552735478587;0.33078880407124683;0.4180064308681672;130.0;263;181;0.4180064308681672;0.6692111959287532;0.5819935691318328;0.24754275381565094;0.11658038198947906
FMT_C;FMT_C;val;SAE_D2_RVH_FMT_C;VH;0.2;0.5;1;votes;0.25;0.1;316;0.2049062049062049;0.7109425367458545;0.1883289124668435;0.22468354430379747;71.0;306;245;0.22468354430379747;0.8116710875331565;0.7753164556962026;0.050798457115888596;0.025521084666252136
FMT_C;Capitan;test;SAE_D2_RVH_FMT_C;VH;0.2;0.5;1;votes;0.25;0.1;144;0.21551724137931033;0.6158888758744367;0.2840909090909091;0.1736111111111111;25.0;63;119;0.1736111111111111;0.7159090909090909;0.8263888888888888;0.14796437323093414;0.04033118486404419
FMT_C;SEILS;test;SAE_D2_RVH_FMT_C;VH;0.2;0.5;1;votes;0.25;0.1;289;0.08040201005025126;0.6963721929575697;0.14678899082568808;0.05536332179930796;16.0;93;273;0.05536332179930796;0.8532110091743119;0.9446366782006921;0.014696073718369007;0.006566466297954321
FMT_C;FMT_C;test;SAE_D2_RVH_FMT_C;VH;0.2;0.5;1;votes;0.25;0.1;311;0.17050067658998647;0.7097946524367142;0.14719626168224298;0.20257234726688103;63.0;365;248;0.20257234726688103;0.852803738317757;0.797427652733119;0.07903008908033371;0.02991703525185585
FMT_C;FMT_C;val;SAE_D2_RVH_FMT_C;VH;0.2;0.5;1;votes;0.5;0.1;316;0.2049062049062049;0.7109425367458545;0.1883289124668435;0.22468354430379747;71.0;306;245;0.22468354430379747;0.8116710875331565;0.7753164556962026;0.050798457115888596;0.025521084666252136
FMT_C;Capitan;test;SAE_D2_RVH_FMT_C;VH;0.2;0.5;1;votes;0.5;0.1;144;0.21551724137931033;0.6158888758744367;0.2840909090909091;0.1736111111111111;25.0;63;119;0.1736111111111111;0.7159090909090909;0.8263888888888888;0.14796437323093414;0.04033118486404419
FMT_C;SEILS;test;SAE_D2_RVH_FMT_C;VH;0.2;0.5;1;votes;0.5;0.1;289;0.08040201005025126;0.6963721929575697;0.14678899082568808;0.05536332179930796;16.0;93;273;0.05536332179930796;0.8532110091743119;0.9446366782006921;0.014696073718369007;0.006566466297954321
FMT_C;FMT_C;test;SAE_D2_RVH_FMT_C;VH;0.2;0.5;1;votes;0.5;0.1;311;0.17050067658998647;0.7097946524367142;0.14719626168224298;0.20257234726688103;63.0;365;248;0.20257234726688103;0.852803738317757;0.797427652733119;0.07903008908033371;0.02991703525185585
FMT_C;FMT_C;val;SAE_D2_RVH_FMT_C;VH;0.2;0.5;1;votes;0.75;0.1;316;0.2049062049062049;0.7109425367458545;0.1883289124668435;0.22468354430379747;71.0;306;245;0.22468354430379747;0.8116710875331565;0.7753164556962026;0.050798457115888596;0.025521084666252136
FMT_C;Capitan;test;SAE_D2_RVH_FMT_C;VH;0.2;0.5;1;votes;0.75;0.1;144;0.21551724137931033;0.6158888758744367;0.2840909090909091;0.1736111111111111;25.0;63;119;0.1736111111111111;0.7159090909090909;0.8263888888888888;0.14796437323093414;0.04033118486404419
FMT_C;SEILS;test;SAE_D2_RVH_FMT_C;VH;0.2;0.5;1;votes;0.75;0.1;289;0.08040201005025126;0.6963721929575697;0.14678899082568808;0.05536332179930796;16.0;93;273;0.05536332179930796;0.8532110091743119;0.9446366782006921;0.014696073718369007;0.006566466297954321
FMT_C;FMT_C;test;SAE_D2_RVH_FMT_C;VH;0.2;0.5;1;votes;0.75;0.1;311;0.17050067658998647;0.7097946524367142;0.14719626168224298;0.20257234726688103;63.0;365;248;0.20257234726688103;0.852803738317757;0.797427652733119;0.07903008908033371;0.02991703525185585
FMT_C;FMT_C;val;SAE_D2_RVH_FMT_C;VH;0.2;0.5;1;votes;1.0;0.1;316;0.2049062049062049;0.7109425367458545;0.1883289124668435;0.22468354430379747;71.0;306;245;0.22468354430379747;0.8116710875331565;0.7753164556962026;0.050798457115888596;0.025521084666252136
FMT_C;Capitan;test;SAE_D2_RVH_FMT_C;VH;0.2;0.5;1;votes;1.0;0.1;144;0.21551724137931033;0.6158888758744367;0.2840909090909091;0.1736111111111111;25.0;63;119;0.1736111111111111;0.7159090909090909;0.8263888888888888;0.14796437323093414;0.04033118486404419
FMT_C;SEILS;test;SAE_D2_RVH_FMT_C;VH;0.2;0.5;1;votes;1.0;0.1;289;0.08040201005025126;0.6963721929575697;0.14678899082568808;0.05536332179930796;16.0;93;273;0.05536332179930796;0.8532110091743119;0.9446366782006921;0.014696073718369007;0.006566466297954321
FMT_C;FMT_C;test;SAE_D2_RVH_FMT_C;VH;0.2;0.5;1;votes;1.0;0.1;311;0.17050067658998647;0.7097946524367142;0.14719626168224298;0.20257234726688103;63.0;365;248;0.20257234726688103;0.852803738317757;0.797427652733119;0.07903008908033371;0.02991703525185585
FMT_C;FMT_C;val;SAE_D2_RVH_FMT_C;VH;0.2;0.1;2;votes;0.25;0.7;316;0.9746031746031746;0.8338909789924798;0.9777070063694268;0.9715189873417721;307.0;7;9;0.9715189873417721;0.022292993630573247;0.028481012658227847;0.7523977756500244;0.39294737577438354
FMT_C;Capitan;test;SAE_D2_RVH_FMT_C;VH;0.2;0.1;2;votes;0.25;0.7;144;0.20634920634920634;0.6451508217205346;0.24074074074074073;0.18055555555555555;26.0;82;118;0.18055555555555555;0.7592592592592593;0.8194444444444444;0.059765465557575226;0.01591411791741848
FMT_C;SEILS;test;SAE_D2_RVH_FMT_C;VH;0.2;0.1;2;votes;0.25;0.7;289;0.3959390862944162;0.6865683086110176;0.312625250501002;0.5397923875432526;156.0;343;133;0.5397923875432526;0.687374749498998;0.4602076124567474;0.2490827888250351;0.08416100591421127
FMT_C;FMT_C;test;SAE_D2_RVH_FMT_C;VH;0.2;0.1;2;votes;0.25;0.7;311;0.9727126805778491;0.8107840840924314;0.9711538461538461;0.9742765273311897;303.0;9;8;0.9742765273311897;0.028846153846153848;0.02572347266881029;0.963446319103241;0.539384663105011
FMT_C;FMT_C;val;SAE_D2_RVH_FMT_C;VH;0.2;0.1;2;votes;0.5;0.7;316;0.9746031746031746;0.8338909789924798;0.9777070063694268;0.9715189873417721;307.0;7;9;0.9715189873417721;0.022292993630573247;0.028481012658227847;0.7523977756500244;0.39294737577438354
FMT_C;Capitan;test;SAE_D2_RVH_FMT_C;VH;0.2;0.1;2;votes;0.5;0.7;144;0.20634920634920634;0.6451508217205346;0.24074074074074073;0.18055555555555555;26.0;82;118;0.18055555555555555;0.7592592592592593;0.8194444444444444;0.059765465557575226;0.01591411791741848
FMT_C;SEILS;test;SAE_D2_RVH_FMT_C;VH;0.2;0.1;2;votes;0.5;0.7;289;0.3959390862944162;0.6865683086110176;0.312625250501002;0.5397923875432526;156.0;343;133;0.5397923875432526;0.687374749498998;0.4602076124567474;0.2490827888250351;0.08416100591421127
FMT_C;FMT_C;test;SAE_D2_RVH_FMT_C;VH;0.2;0.1;2;votes;0.5;0.7;311;0.9727126805778491;0.8107840840924314;0.9711538461538461;0.9742765273311897;303.0;9;8;0.9742765273311897;0.028846153846153848;0.02572347266881029;0.963446319103241;0.539384663105011
FMT_C;FMT_C;val;SAE_D2_RVH_FMT_C;VH;0.2;0.1;2;votes;0.75;0.45;316;0.9682539682539681;0.805163812206566;0.9713375796178344;0.9651898734177216;305.0;9;11;0.9651898734177216;0.028662420382165606;0.03481012658227848;0.7682698369026184;0.3958280384540558
FMT_C;Capitan;test;SAE_D2_RVH_FMT_C;VH;0.2;0.1;2;votes;0.75;0.45;144;0.21739130434782608;0.6008971287459909;0.29069767441860467;0.1736111111111111;25.0;61;119;0.1736111111111111;0.7093023255813954;0.8263888888888888;0.06001807376742363;0.012201137840747833
FMT_C;SEILS;test;SAE_D2_RVH_FMT_C;VH;0.2;0.1;2;votes;0.75;0.45;289;0.3429438543247344;0.667203031046188;0.3054054054054054;0.39100346020761245;113.0;257;176;0.39100346020761245;0.6945945945945946;0.6089965397923875;0.17718996107578278;0.05515814572572708
FMT_C;FMT_C;test;SAE_D2_RVH_FMT_C;VH;0.2;0.1;2;votes;0.75;0.45;311;0.9696000000000001;0.7978700197044528;0.964968152866242;0.9742765273311897;303.0;11;8;0.9742765273311897;0.03503184713375796;0.02572347266881029;0.9606834650039673;0.5313111543655396
FMT_C;FMT_C;val;SAE_D2_RVH_FMT_C;VH;0.2;0.1;2;votes;1.0;0.45;316;0.9682539682539681;0.805163812206566;0.9713375796178344;0.9651898734177216;305.0;9;11;0.9651898734177216;0.028662420382165606;0.03481012658227848;0.7682698369026184;0.3958280384540558
FMT_C;Capitan;test;SAE_D2_RVH_FMT_C;VH;0.2;0.1;2;votes;1.0;0.45;144;0.21739130434782608;0.6008971287459909;0.29069767441860467;0.1736111111111111;25.0;61;119;0.1736111111111111;0.7093023255813954;0.8263888888888888;0.06001807376742363;0.012201137840747833
FMT_C;SEILS;test;SAE_D2_RVH_FMT_C;VH;0.2;0.1;2;votes;1.0;0.45;289;0.3429438543247344;0.667203031046188;0.3054054054054054;0.39100346020761245;113.0;257;176;0.39100346020761245;0.6945945945945946;0.6089965397923875;0.17718996107578278;0.05515814572572708
FMT_C;FMT_C;test;SAE_D2_RVH_FMT_C;VH;0.2;0.1;2;votes;1.0;0.45;311;0.9696000000000001;0.7978700197044528;0.964968152866242;0.9742765273311897;303.0;11;8;0.9742765273311897;0.03503184713375796;0.02572347266881029;0.9606834650039673;0.5313111543655396
FMT_C;FMT_C;val;SAE_D2_RVH_FMT_C;VH;0.2;0.2;2;votes;0.25;0.6;316;0.9316770186335404;0.8170441765355795;0.9146341463414634;0.9493670886075949;300.0;28;16;0.9493670886075949;0.08536585365853659;0.05063291139240506;0.6511212587356567;0.33337974548339844
FMT_C;Capitan;test;SAE_D2_RVH_FMT_C;VH;0.2;0.2;2;votes;0.25;0.6;144;0.19011406844106465;0.6350172502420305;0.21008403361344538;0.1736111111111111;25.0;94;119;0.1736111111111111;0.7899159663865546;0.8263888888888888;0.04510291665792465;0.013079868629574776
FMT_C;SEILS;test;SAE_D2_RVH_FMT_C;VH;0.2;0.2;2;votes;0.25;0.6;289;0.35294117647058826;0.6644930260988924;0.28361344537815125;0.4671280276816609;135.0;341;154;0.4671280276816609;0.7163865546218487;0.532871972318339;0.2022068351507187;0.06370198726654053
FMT_C;FMT_C;test;SAE_D2_RVH_FMT_C;VH;0.2;0.2;2;votes;0.25;0.6;311;0.940625;0.7980245681977669;0.9148936170212766;0.9678456591639871;301.0;28;10;0.9678456591639871;0.0851063829787234;0.03215434083601286;0.9476551413536072;0.5118474364280701
FMT_C;FMT_C;val;SAE_D2_RVH_FMT_C;VH;0.2;0.2;2;votes;0.5;0.6;316;0.9316770186335404;0.8170441765355795;0.9146341463414634;0.9493670886075949;300.0;28;16;0.9493670886075949;0.08536585365853659;0.05063291139240506;0.6511212587356567;0.33337974548339844
FMT_C;Capitan;test;SAE_D2_RVH_FMT_C;VH;0.2;0.2;2;votes;0.5;0.6;144;0.19011406844106465;0.6350172502420305;0.21008403361344538;0.1736111111111111;25.0;94;119;0.1736111111111111;0.7899159663865546;0.8263888888888888;0.04510291665792465;0.013079868629574776
FMT_C;SEILS;test;SAE_D2_RVH_FMT_C;VH;0.2;0.2;2;votes;0.5;0.6;289;0.35294117647058826;0.6644930260988924;0.28361344537815125;0.4671280276816609;135.0;341;154;0.4671280276816609;0.7163865546218487;0.532871972318339;0.2022068351507187;0.06370198726654053
FMT_C;FMT_C;test;SAE_D2_RVH_FMT_C;VH;0.2;0.2;2;votes;0.5;0.6;311;0.940625;0.7980245681977669;0.9148936170212766;0.9678456591639871;301.0;28;10;0.9678456591639871;0.0851063829787234;0.03215434083601286;0.9476551413536072;0.5118474364280701
FMT_C;FMT_C;val;SAE_D2_RVH_FMT_C;VH;0.2;0.2;2;votes;0.75;0.35;316;0.8936825885978428;0.7784428852760572;0.8708708708708709;0.9177215189873418;290.0;43;26;0.9177215189873418;0.12912912912912913;0.08227848101265822;0.46110495924949646;0.22029182314872742
FMT_C;Capitan;test;SAE_D2_RVH_FMT_C;VH;0.2;0.2;2;votes;0.75;0.35;144;0.1142857142857143;0.5934136342861832;0.13861386138613863;0.09722222222222222;14.0;87;130;0.09722222222222222;0.8613861386138614;0.9027777777777778;0.020064204931259155;0.0039294506423175335
FMT_C;SEILS;test;SAE_D2_RVH_FMT_C;VH;0.2;0.2;2;votes;0.75;0.35;289;0.31986531986531985;0.6541703195089619;0.3114754098360656;0.328719723183391;95.0;210;194;0.328719723183391;0.6885245901639344;0.671280276816609;0.14288222789764404;0.03928555175662041
FMT_C;FMT_C;test;SAE_D2_RVH_FMT_C;VH;0.2;0.2;2;votes;0.75;0.35;311;0.8828250401284109;0.7894833304745337;0.8814102564102564;0.8842443729903537;275.0;37;36;0.8842443729903537;0.11858974358974358;0.1157556270096463;0.8237988352775574;0.4395514130592346
FMT_C;FMT_C;val;SAE_D2_RVH_FMT_C;VH;0.2;0.2;2;votes;1.0;0.35;316;0.8936825885978428;0.7784428852760572;0.8708708708708709;0.9177215189873418;290.0;43;26;0.9177215189873418;0.12912912912912913;0.08227848101265822;0.46110495924949646;0.22029182314872742
FMT_C;Capitan;test;SAE_D2_RVH_FMT_C;VH;0.2;0.2;2;votes;1.0;0.35;144;0.1142857142857143;0.5934136342861832;0.13861386138613863;0.09722222222222222;14.0;87;130;0.09722222222222222;0.8613861386138614;0.9027777777777778;0.020064204931259155;0.0039294506423175335
FMT_C;SEILS;test;SAE_D2_RVH_FMT_C;VH;0.2;0.2;2;votes;1.0;0.35;289;0.31986531986531985;0.6541703195089619;0.3114754098360656;0.328719723183391;95.0;210;194;0.328719723183391;0.6885245901639344;0.671280276816609;0.14288222789764404;0.03928555175662041
FMT_C;FMT_C;test;SAE_D2_RVH_FMT_C;VH;0.2;0.2;2;votes;1.0;0.35;311;0.8828250401284109;0.7894833304745337;0.8814102564102564;0.8842443729903537;275.0;37;36;0.8842443729903537;0.11858974358974358;0.1157556270096463;0.8237988352775574;0.4395514130592346
FMT_C;FMT_C;val;SAE_D2_RVH_FMT_C;VH;0.2;0.3;2;votes;0.25;0.45;316;0.8094534711964548;0.7860653398551698;0.7590027700831025;0.8670886075949367;274.0;87;42;0.8670886075949367;0.2409972299168975;0.13291139240506328;0.5404037833213806;0.27375438809394836
FMT_C;Capitan;test;SAE_D2_RVH_FMT_C;VH;0.2;0.3;2;votes;0.25;0.45;144;0.16783216783216784;0.6450994496756629;0.16901408450704225;0.16666666666666666;24.0;118;120;0.16666666666666666;0.8309859154929577;0.8333333333333334;0.039144352078437805;0.008952084928750992
FMT_C;SEILS;test;SAE_D2_RVH_FMT_C;VH;0.2;0.3;2;votes;0.25;0.45;289;0.25;0.6861812654102569;0.2088167053364269;0.31141868512110726;90.0;341;199;0.31141868512110726;0.7911832946635731;0.6885813148788927;0.10621855407953262;0.03570733219385147
FMT_C;FMT_C;test;SAE_D2_RVH_FMT_C;VH;0.2;0.3;2;votes;0.25;0.45;311;0.8086330935251799;0.779929015110879;0.7317708333333334;0.9035369774919614;281.0;103;30;0.9035369774919614;0.2682291666666667;0.09646302250803858;0.7754510045051575;0.3953098654747009
FMT_C;FMT_C;val;SAE_D2_RVH_FMT_C;VH;0.2;0.3;2;votes;0.5;0.45;316;0.8094534711964548;0.7860653398551698;0.7590027700831025;0.8670886075949367;274.0;87;42;0.8670886075949367;0.2409972299168975;0.13291139240506328;0.5404037833213806;0.27375438809394836
FMT_C;Capitan;test;SAE_D2_RVH_FMT_C;VH;0.2;0.3;2;votes;0.5;0.45;144;0.16783216783216784;0.6450994496756629;0.16901408450704225;0.16666666666666666;24.0;118;120;0.16666666666666666;0.8309859154929577;0.8333333333333334;0.039144352078437805;0.008952084928750992
FMT_C;SEILS;test;SAE_D2_RVH_FMT_C;VH;0.2;0.3;2;votes;0.5;0.45;289;0.25;0.6861812654102569;0.2088167053364269;0.31141868512110726;90.0;341;199;0.31141868512110726;0.7911832946635731;0.6885813148788927;0.10621855407953262;0.03570733219385147
FMT_C;FMT_C;test;SAE_D2_RVH_FMT_C;VH;0.2;0.3;2;votes;0.5;0.45;311;0.8086330935251799;0.779929015110879;0.7317708333333334;0.9035369774919614;281.0;103;30;0.9035369774919614;0.2682291666666667;0.09646302250803858;0.7754510045051575;0.3953098654747009
FMT_C;FMT_C;val;SAE_D2_RVH_FMT_C;VH;0.2;0.3;2;votes;0.75;0.25;316;0.5236842105263159;0.7450184191526129;0.44819819819819817;0.629746835443038;199.0;245;117;0.629746835443038;0.5518018018018018;0.370253164556962;0.19112315773963928;0.08697827160358429
FMT_C;Capitan;test;SAE_D2_RVH_FMT_C;VH;0.2;0.3;2;votes;0.75;0.25;144;0;0;0.0;0.0;0.0;29;144;0.0;1.0;1.0;0.0;0.0
FMT_C;SEILS;test;SAE_D2_RVH_FMT_C;VH;0.2;0.3;2;votes;0.75;0.25;289;0.13114754098360656;0.6341787343235301;0.16080402010050251;0.11072664359861592;32.0;167;257;0.11072664359861592;0.8391959798994975;0.889273356401384;0.039398059248924255;0.010283702984452248
FMT_C;FMT_C;test;SAE_D2_RVH_FMT_C;VH;0.2;0.3;2;votes;0.75;0.25;311;0.5058064516129033;0.7492954354706819;0.4224137931034483;0.6302250803858521;196.0;268;115;0.6302250803858521;0.5775862068965517;0.36977491961414793;0.3893442451953888;0.17362919449806213
FMT_C;FMT_C;val;SAE_D2_RVH_FMT_C;VH;0.2;0.3;2;votes;1.0;0.25;316;0.5236842105263159;0.7450184191526129;0.44819819819819817;0.629746835443038;199.0;245;117;0.629746835443038;0.5518018018018018;0.370253164556962;0.19112315773963928;0.08697827160358429
FMT_C;Capitan;test;SAE_D2_RVH_FMT_C;VH;0.2;0.3;2;votes;1.0;0.25;144;0;0;0.0;0.0;0.0;29;144;0.0;1.0;1.0;0.0;0.0
FMT_C;SEILS;test;SAE_D2_RVH_FMT_C;VH;0.2;0.3;2;votes;1.0;0.25;289;0.13114754098360656;0.6341787343235301;0.16080402010050251;0.11072664359861592;32.0;167;257;0.11072664359861592;0.8391959798994975;0.889273356401384;0.039398059248924255;0.010283702984452248
FMT_C;FMT_C;test;SAE_D2_RVH_FMT_C;VH;0.2;0.3;2;votes;1.0;0.25;311;0.5058064516129033;0.7492954354706819;0.4224137931034483;0.6302250803858521;196.0;268;115;0.6302250803858521;0.5775862068965517;0.36977491961414793;0.3893442451953888;0.17362919449806213
FMT_C;FMT_C;val;SAE_D2_RVH_FMT_C;VH;0.2;0.4;2;votes;0.25;0.6;316;0.5838323353293413;0.7863342897209942;0.5539772727272727;0.6170886075949367;195.0;157;121;0.6170886075949367;0.4460227272727273;0.3829113924050633;0.3202400803565979;0.14964504539966583
FMT_C;Capitan;test;SAE_D2_RVH_FMT_C;VH;0.2;0.4;2;votes;0.25;0.6;144;0.08530805687203792;0.6244825833780467;0.13432835820895522;0.0625;9.0;58;135;0.0625;0.8656716417910447;0.9375;0.020927993580698967;0.005150774028152227
FMT_C;SEILS;test;SAE_D2_RVH_FMT_C;VH;0.2;0.4;2;votes;0.25;0.6;289;0.10677618069815197;0.675864656626562;0.13131313131313133;0.08996539792387544;26.0;172;263;0.08996539792387544;0.8686868686868687;0.9100346020761245;0.026294691488146782;0.008495377376675606
FMT_C;FMT_C;test;SAE_D2_RVH_FMT_C;VH;0.2;0.4;2;votes;0.25;0.6;311;0.45919778699861685;0.7477084795170508;0.4029126213592233;0.5337620578778135;166.0;246;145;0.5337620578778135;0.5970873786407767;0.4662379421221865;0.3288898766040802;0.14680325984954834
FMT_C;FMT_C;val;SAE_D2_RVH_FMT_C;VH;0.2;0.4;2;votes;0.5;0.6;316;0.5838323353293413;0.7863342897209942;0.5539772727272727;0.6170886075949367;195.0;157;121;0.6170886075949367;0.4460227272727273;0.3829113924050633;0.3202400803565979;0.14964504539966583
FMT_C;Capitan;test;SAE_D2_RVH_FMT_C;VH;0.2;0.4;2;votes;0.5;0.6;144;0.08530805687203792;0.6244825833780467;0.13432835820895522;0.0625;9.0;58;135;0.0625;0.8656716417910447;0.9375;0.020927993580698967;0.005150774028152227
FMT_C;SEILS;test;SAE_D2_RVH_FMT_C;VH;0.2;0.4;2;votes;0.5;0.6;289;0.10677618069815197;0.675864656626562;0.13131313131313133;0.08996539792387544;26.0;172;263;0.08996539792387544;0.8686868686868687;0.9100346020761245;0.026294691488146782;0.008495377376675606
FMT_C;FMT_C;test;SAE_D2_RVH_FMT_C;VH;0.2;0.4;2;votes;0.5;0.6;311;0.45919778699861685;0.7477084795170508;0.4029126213592233;0.5337620578778135;166.0;246;145;0.5337620578778135;0.5970873786407767;0.4662379421221865;0.3288898766040802;0.14680325984954834
FMT_C;FMT_C;val;SAE_D2_RVH_FMT_C;VH;0.2;0.4;2;votes;0.75;0.15;316;0.26484018264840187;0.7392361706564907;0.25513196480938416;0.27531645569620256;87.0;254;229;0.27531645569620256;0.7448680351906158;0.7246835443037974;0.02690301276743412;0.013103792443871498
FMT_C;Capitan;test;SAE_D2_RVH_FMT_C;VH;0.2;0.4;2;votes;0.75;0.15;144;0;0;0.0;0.0;0.0;1;144;0.0;1.0;1.0;0.0;0.0
FMT_C;SEILS;test;SAE_D2_RVH_FMT_C;VH;0.2;0.4;2;votes;0.75;0.15;289;0.030769230769230774;0.589398952504556;0.1388888888888889;0.01730103806228374;5.0;31;284;0.01730103806228374;0.8611111111111112;0.9826989619377162;0.00492242444306612;0.0014919767854735255
FMT_C;FMT_C;test;SAE_D2_RVH_FMT_C;VH;0.2;0.4;2;votes;0.75;0.15;311;0.2108345534407028;0.7733660648465803;0.1935483870967742;0.2315112540192926;72.0;300;239;0.2315112540192926;0.8064516129032258;0.7684887459807074;0.09157879650592804;0.049522995948791504
FMT_C;FMT_C;val;SAE_D2_RVH_FMT_C;VH;0.2;0.4;2;votes;1.0;0.15;316;0.26484018264840187;0.7392361706564907;0.25513196480938416;0.27531645569620256;87.0;254;229;0.27531645569620256;0.7448680351906158;0.7246835443037974;0.02690301276743412;0.013103792443871498
FMT_C;Capitan;test;SAE_D2_RVH_FMT_C;VH;0.2;0.4;2;votes;1.0;0.15;144;0;0;0.0;0.0;0.0;1;144;0.0;1.0;1.0;0.0;0.0
FMT_C;SEILS;test;SAE_D2_RVH_FMT_C;VH;0.2;0.4;2;votes;1.0;0.15;289;0.030769230769230774;0.589398952504556;0.1388888888888889;0.01730103806228374;5.0;31;284;0.01730103806228374;0.8611111111111112;0.9826989619377162;0.00492242444306612;0.0014919767854735255
FMT_C;FMT_C;test;SAE_D2_RVH_FMT_C;VH;0.2;0.4;2;votes;1.0;0.15;311;0.2108345534407028;0.7733660648465803;0.1935483870967742;0.2315112540192926;72.0;300;239;0.2315112540192926;0.8064516129032258;0.7684887459807074;0.09157879650592804;0.049522995948791504
FMT_C;FMT_C;val;SAE_D2_RVH_FMT_C;VH;0.2;0.5;2;votes;0.25;0.1;316;0.24274973147153603;0.7156701371764858;0.183739837398374;0.3575949367088608;113.0;502;203;0.3575949367088608;0.816260162601626;0.6424050632911392;0.0426410511136055;0.016467977315187454
FMT_C;Capitan;test;SAE_D2_RVH_FMT_C;VH;0.2;0.5;2;votes;0.25;0.1;144;0.06611570247933883;0.6934092315162237;0.08163265306122448;0.05555555555555555;8.0;90;136;0.05555555555555555;0.9183673469387755;0.9444444444444444;0.018745549023151398;0.010195480659604073
FMT_C;SEILS;test;SAE_D2_RVH_FMT_C;VH;0.2;0.5;2;votes;0.25;0.1;289;0.0767590618336887;0.7176205570514962;0.1;0.06228373702422145;18.0;162;271;0.06228373702422145;0.9;0.9377162629757786;0.017232201993465424;0.008363760076463223
FMT_C;FMT_C;test;SAE_D2_RVH_FMT_C;VH;0.2;0.5;2;votes;0.25;0.1;311;0.28839390386869873;0.7247656450639055;0.22693726937269373;0.3954983922829582;123.0;419;188;0.3954983922829582;0.7730627306273062;0.6045016077170418;0.1590484082698822;0.05858583003282547
FMT_C;FMT_C;val;SAE_D2_RVH_FMT_C;VH;0.2;0.5;2;votes;0.5;0.1;316;0.24274973147153603;0.7156701371764858;0.183739837398374;0.3575949367088608;113.0;502;203;0.3575949367088608;0.816260162601626;0.6424050632911392;0.0426410511136055;0.016467977315187454
FMT_C;Capitan;test;SAE_D2_RVH_FMT_C;VH;0.2;0.5;2;votes;0.5;0.1;144;0.06611570247933883;0.6934092315162237;0.08163265306122448;0.05555555555555555;8.0;90;136;0.05555555555555555;0.9183673469387755;0.9444444444444444;0.018745549023151398;0.010195480659604073
FMT_C;SEILS;test;SAE_D2_RVH_FMT_C;VH;0.2;0.5;2;votes;0.5;0.1;289;0.0767590618336887;0.7176205570514962;0.1;0.06228373702422145;18.0;162;271;0.06228373702422145;0.9;0.9377162629757786;0.017232201993465424;0.008363760076463223
FMT_C;FMT_C;test;SAE_D2_RVH_FMT_C;VH;0.2;0.5;2;votes;0.5;0.1;311;0.28839390386869873;0.7247656450639055;0.22693726937269373;0.3954983922829582;123.0;419;188;0.3954983922829582;0.7730627306273062;0.6045016077170418;0.1590484082698822;0.05858583003282547
FMT_C;FMT_C;val;SAE_D2_RVH_FMT_C;VH;0.2;0.5;2;votes;0.75;0.1;316;0.09130434782608696;0.7024507623822583;0.14583333333333334;0.06645569620253164;21.0;123;295;0.06645569620253164;0.8541666666666666;0.9335443037974683;0.0011790512362495065;0.0005750584532506764
FMT_C;Capitan;test;SAE_D2_RVH_FMT_C;VH;0.2;0.5;2;votes;0.75;0.1;144;0;0;0.0;0.0;0.0;0;144;0.0;0.0;1.0;0.0;0.0
FMT_C;SEILS;test;SAE_D2_RVH_FMT_C;VH;0.2;0.5;2;votes;0.75;0.1;289;0.006600660066006601;0.546885504907893;0.07142857142857142;0.0034602076124567475;1.0;13;288;0.0034602076124567475;0.9285714285714286;0.9965397923875432;0.0011534024961292744;0.0006600660271942616
FMT_C;FMT_C;test;SAE_D2_RVH_FMT_C;VH;0.2;0.5;2;votes;0.75;0.1;311;0.07037037037037036;0.7056452727901461;0.08296943231441048;0.06109324758842444;19.0;210;292;0.06109324758842444;0.9170305676855895;0.9389067524115756;0.005672589410096407;0.002366265282034874
FMT_C;FMT_C;val;SAE_D2_RVH_FMT_C;VH;0.2;0.5;2;votes;1.0;0.1;316;0.09130434782608696;0.7024507623822583;0.14583333333333334;0.06645569620253164;21.0;123;295;0.06645569620253164;0.8541666666666666;0.9335443037974683;0.0011790512362495065;0.0005750584532506764
FMT_C;Capitan;test;SAE_D2_RVH_FMT_C;VH;0.2;0.5;2;votes;1.0;0.1;144;0;0;0.0;0.0;0.0;0;144;0.0;0.0;1.0;0.0;0.0
FMT_C;SEILS;test;SAE_D2_RVH_FMT_C;VH;0.2;0.5;2;votes;1.0;0.1;289;0.006600660066006601;0.546885504907893;0.07142857142857142;0.0034602076124567475;1.0;13;288;0.0034602076124567475;0.9285714285714286;0.9965397923875432;0.0011534024961292744;0.0006600660271942616
FMT_C;FMT_C;test;SAE_D2_RVH_FMT_C;VH;0.2;0.5;2;votes;1.0;0.1;311;0.07037037037037036;0.7056452727901461;0.08296943231441048;0.06109324758842444;19.0;210;292;0.06109324758842444;0.9170305676855895;0.9389067524115756;0.005672589410096407;0.002366265282034874
FMT_C;FMT_C;val;SAE_D2_RVH_FMT_C;VH;0.2;0.1;5;votes;0.25;0.65;316;0.9730586370839936;0.8235896883784767;0.9746031746031746;0.9715189873417721;307.0;8;9;0.9715189873417721;0.025396825396825397;0.028481012658227847;0.7635441422462463;0.39795100688934326
FMT_C;Capitan;test;SAE_D2_RVH_FMT_C;VH;0.2;0.1;5;votes;0.25;0.65;144;0.20253164556962025;0.6147518297761853;0.25806451612903225;0.16666666666666666;24.0;69;120;0.16666666666666666;0.7419354838709677;0.8333333333333334;0.05128148943185806;0.01170974038541317
FMT_C;SEILS;test;SAE_D2_RVH_FMT_C;VH;0.2;0.1;5;votes;0.25;0.65;289;0.48843187660668386;0.6764668324297669;0.3885480572597137;0.657439446366782;190.0;299;99;0.657439446366782;0.6114519427402862;0.34256055363321797;0.3598329424858093;0.11795532703399658
FMT_C;FMT_C;test;SAE_D2_RVH_FMT_C;VH;0.2;0.1;5;votes;0.25;0.65;311;0.9727126805778491;0.8114520499039296;0.9711538461538461;0.9742765273311897;303.0;9;8;0.9742765273311897;0.028846153846153848;0.02572347266881029;0.9642349481582642;0.5483148097991943
FMT_C;FMT_C;val;SAE_D2_RVH_FMT_C;VH;0.2;0.1;5;votes;0.5;0.55;316;0.9731437598736176;0.8154394368033351;0.9716088328075709;0.9746835443037974;308.0;9;8;0.9746835443037974;0.028391167192429023;0.02531645569620253;0.7716191411018372;0.4026620388031006
FMT_C;Capitan;test;SAE_D2_RVH_FMT_C;VH;0.2;0.1;5;votes;0.5;0.55;144;0.15517241379310343;0.6012510904273533;0.20454545454545456;0.125;18.0;70;126;0.125;0.7954545454545454;0.875;0.030152708292007446;0.006878894753754139
FMT_C;SEILS;test;SAE_D2_RVH_FMT_C;VH;0.2;0.1;5;votes;0.5;0.55;289;0.40428380187416335;0.6739877039185174;0.3296943231441048;0.5224913494809689;151.0;307;138;0.5224913494809689;0.6703056768558951;0.47750865051903113;0.27931076288223267;0.08897815644741058
FMT_C;FMT_C;test;SAE_D2_RVH_FMT_C;VH;0.2;0.1;5;votes;0.5;0.55;311;0.9759229534510432;0.8077827181364002;0.9743589743589743;0.977491961414791;304.0;8;7;0.977491961414791;0.02564102564102564;0.022508038585209004;0.9685670733451843;0.5555366277694702
FMT_C;FMT_C;val;SAE_D2_RVH_FMT_C;VH;0.2;0.1;5;votes;0.75;0.5;316;0.9700787401574803;0.8151539191113165;0.9655172413793104;0.9746835443037974;308.0;11;8;0.9746835443037974;0.034482758620689655;0.02531645569620253;0.7206268906593323;0.3794017434120178
FMT_C;Capitan;test;SAE_D2_RVH_FMT_C;VH;0.2;0.1;5;votes;0.75;0.5;144;0.10628019323671499;0.5521006686568435;0.1746031746031746;0.0763888888888889;11.0;52;133;0.0763888888888889;0.8253968253968254;0.9236111111111112;0.019222335889935493;0.0025936891324818134
FMT_C;SEILS;test;SAE_D2_RVH_FMT_C;VH;0.2;0.1;5;votes;0.75;0.5;289;0.4076809453471196;0.6627846319255858;0.3556701030927835;0.47750865051903113;138.0;250;151;0.47750865051903113;0.6443298969072165;0.5224913494809689;0.2502124011516571;0.07453015446662903
FMT_C;FMT_C;test;SAE_D2_RVH_FMT_C;VH;0.2;0.1;5;votes;0.75;0.5;311;0.9648562300319489;0.8033618789313739;0.9587301587301588;0.9710610932475884;302.0;13;9;0.9710610932475884;0.04126984126984127;0.028938906752411574;0.9501745700836182;0.5294727087020874
FMT_C;FMT_C;val;SAE_D2_RVH_FMT_C;VH;0.2;0.1;5;votes;1.0;0.45;316;0.8899224806201551;0.8136040931413363;0.8723404255319149;0.9082278481012658;287.0;42;29;0.9082278481012658;0.1276595744680851;0.09177215189873418;0.5912374258041382;0.3058564066886902
FMT_C;Capitan;test;SAE_D2_RVH_FMT_C;VH;0.2;0.1;5;votes;1.0;0.45;144;0.041237113402061855;0.573058303519773;0.08;0.027777777777777776;4.0;46;140;0.027777777777777776;0.92;0.9722222222222222;0.002923976629972458;0.0006671719602309167
FMT_C;SEILS;test;SAE_D2_RVH_FMT_C;VH;0.2;0.1;5;votes;1.0;0.45;289;0.34838709677419355;0.6448085709652221;0.32628398791540786;0.3737024221453287;108.0;223;181;0.3737024221453287;0.6737160120845922;0.6262975778546713;0.17397800087928772;0.04584885388612747
FMT_C;FMT_C;test;SAE_D2_RVH_FMT_C;VH;0.2;0.1;5;votes;1.0;0.45;311;0.9085173501577286;0.7990158994670336;0.891640866873065;0.9260450160771704;288.0;35;23;0.9260450160771704;0.10835913312693499;0.07395498392282958;0.8538535833358765;0.4659310281276703
FMT_C;FMT_C;val;SAE_D2_RVH_FMT_C;VH;0.2;0.2;5;votes;0.25;0.5;316;0.9446153846153846;0.795512286657586;0.9191616766467066;0.9715189873417721;307.0;27;9;0.9715189873417721;0.08083832335329341;0.028481012658227847;0.7130407691001892;0.3652189075946808
FMT_C;Capitan;test;SAE_D2_RVH_FMT_C;VH;0.2;0.2;5;votes;0.25;0.5;144;0.15322580645161288;0.6114395360308152;0.18269230769230768;0.13194444444444445;19.0;85;125;0.13194444444444445;0.8173076923076923;0.8680555555555556;0.03319992497563362;0.0075461408123373985
FMT_C;SEILS;test;SAE_D2_RVH_FMT_C;VH;0.2;0.2;5;votes;0.25;0.5;289;0.3488372093023256;0.665052794247873;0.27835051546391754;0.4671280276816609;135.0;350;154;0.4671280276816609;0.7216494845360825;0.532871972318339;0.21705946326255798;0.06646731495857239
FMT_C;FMT_C;test;SAE_D2_RVH_FMT_C;VH;0.2;0.2;5;votes;0.25;0.5;311;0.9343750000000001;0.7946216836954366;0.9088145896656535;0.9614147909967846;299.0;30;12;0.9614147909967846;0.0911854103343465;0.03858520900321544;0.9331487417221069;0.5234261155128479
FMT_C;FMT_C;val;SAE_D2_RVH_FMT_C;VH;0.2;0.2;5;votes;0.5;0.4;316;0.9261538461538462;0.7866415090076793;0.9011976047904192;0.9525316455696202;301.0;33;15;0.9525316455696202;0.09880239520958084;0.04746835443037975;0.6318735480308533;0.3229674696922302
FMT_C;Capitan;test;SAE_D2_RVH_FMT_C;VH;0.2;0.2;5;votes;0.5;0.4;144;0.10138248847926268;0.5664889446275373;0.1506849315068493;0.0763888888888889;11.0;62;133;0.0763888888888889;0.8493150684931506;0.9236111111111112;0.015467062592506409;0.0025262574199587107
FMT_C;SEILS;test;SAE_D2_RVH_FMT_C;VH;0.2;0.2;5;votes;0.5;0.4;289;0.3827893175074184;0.6604935043884294;0.33506493506493507;0.4463667820069204;129.0;256;160;0.4463667820069204;0.6649350649350649;0.5536332179930796;0.21932266652584076;0.06114426255226135
FMT_C;FMT_C;test;SAE_D2_RVH_FMT_C;VH;0.2;0.2;5;votes;0.5;0.4;311;0.9213836477987422;0.7912781881038371;0.9015384615384615;0.9421221864951769;293.0;32;18;0.9421221864951769;0.09846153846153846;0.05787781350482315;0.913085401058197;0.49551263451576233
FMT_C;FMT_C;val;SAE_D2_RVH_FMT_C;VH;0.2;0.2;5;votes;0.75;0.35;316;0.8790560471976401;0.7822450562044939;0.8232044198895028;0.9430379746835443;298.0;64;18;0.9430379746835443;0.17679558011049723;0.056962025316455694;0.5114307403564453;0.26230353116989136
FMT_C;Capitan;test;SAE_D2_RVH_FMT_C;VH;0.2;0.2;5;votes;0.75;0.35;144;0.0441988950276243;0.5663900737958648;0.10810810810810811;0.027777777777777776;4.0;33;140;0.027777777777777776;0.8918918918918919;0.9722222222222222;0.004115226212888956;0.000733406690414995
FMT_C;SEILS;test;SAE_D2_RVH_FMT_C;VH;0.2;0.2;5;votes;0.75;0.35;289;0.29984051036682613;0.6366061211521985;0.2781065088757396;0.32525951557093424;94.0;244;195;0.32525951557093424;0.7218934911242604;0.6747404844290658;0.13950085639953613;0.033929016441106796
FMT_C;FMT_C;test;SAE_D2_RVH_FMT_C;VH;0.2;0.2;5;votes;0.75;0.35;311;0.9139280125195618;0.7908277222132523;0.8902439024390244;0.9389067524115756;292.0;36;19;0.9389067524115756;0.10975609756097561;0.06109324758842444;0.9083015322685242;0.4999374747276306
FMT_C;FMT_C;val;SAE_D2_RVH_FMT_C;VH;0.2;0.2;5;votes;1.0;0.15;316;0.7072;0.7456196987012749;0.7152103559870551;0.6993670886075949;221.0;88;95;0.6993670886075949;0.284789644012945;0.30063291139240506;0.3034715950489044;0.15754739940166473
FMT_C;Capitan;test;SAE_D2_RVH_FMT_C;VH;0.2;0.2;5;votes;1.0;0.15;144;0.05494505494505494;0.5856988318121749;0.13157894736842105;0.034722222222222224;5.0;33;139;0.034722222222222224;0.868421052631579;0.9652777777777778;0.006677350495010614;0.0013835999416187406
FMT_C;SEILS;test;SAE_D2_RVH_FMT_C;VH;0.2;0.2;5;votes;1.0;0.15;289;0.1669626998223801;0.6304861772879231;0.17153284671532848;0.16262975778546712;47.0;227;242;0.16262975778546712;0.8284671532846716;0.8373702422145328;0.049958307296037674;0.013757238164544106
FMT_C;FMT_C;test;SAE_D2_RVH_FMT_C;VH;0.2;0.2;5;votes;1.0;0.15;311;0.7504187604690117;0.7492832720549527;0.7832167832167832;0.7202572347266881;224.0;62;87;0.7202572347266881;0.21678321678321677;0.2797427652733119;0.5837697386741638;0.26882681250572205
FMT_C;FMT_C;val;SAE_D2_RVH_FMT_C;VH;0.2;0.3;5;votes;0.25;0.4;316;0.8952095808383235;0.7908030588983164;0.8494318181818182;0.9462025316455697;299.0;53;17;0.9462025316455697;0.15056818181818182;0.05379746835443038;0.5886905193328857;0.29947593808174133
FMT_C;Capitan;test;SAE_D2_RVH_FMT_C;VH;0.2;0.3;5;votes;0.25;0.4;144;0.1660377358490566;0.6196619561518228;0.18181818181818182;0.1527777777777778;22.0;99;122;0.1527777777777778;0.8181818181818182;0.8472222222222222;0.05097950994968414;0.012226823717355728
FMT_C;SEILS;test;SAE_D2_RVH_FMT_C;VH;0.2;0.3;5;votes;0.25;0.4;289;0.2387267904509284;0.6589312831173223;0.1935483870967742;0.31141868512110726;90.0;375;199;0.31141868512110726;0.8064516129032258;0.6885813148788927;0.09481213986873627;0.027359863743185997
FMT_C;FMT_C;test;SAE_D2_RVH_FMT_C;VH;0.2;0.3;5;votes;0.25;0.4;311;0.8986384266263236;0.7818193813379274;0.8485714285714285;0.954983922829582;297.0;53;14;0.954983922829582;0.15142857142857144;0.04501607717041801;0.9018833041191101;0.4848298132419586
FMT_C;FMT_C;val;SAE_D2_RVH_FMT_C;VH;0.2;0.3;5;votes;0.5;0.3;316;0.7977369165487976;0.7775981195777916;0.7212276214833759;0.8924050632911392;282.0;109;34;0.8924050632911392;0.27877237851662406;0.10759493670886076;0.4057179391384125;0.2028714418411255
FMT_C;Capitan;test;SAE_D2_RVH_FMT_C;VH;0.2;0.3;5;votes;0.5;0.3;144;0.10169491525423728;0.6119107789346635;0.13043478260869565;0.08333333333333333;12.0;80;132;0.08333333333333333;0.8695652173913043;0.9166666666666666;0.056356675922870636;0.012227990664541721
FMT_C;SEILS;test;SAE_D2_RVH_FMT_C;VH;0.2;0.3;5;votes;0.5;0.3;289;0.18729096989966557;0.6511418345421094;0.18122977346278318;0.19377162629757785;56.0;253;233;0.19377162629757785;0.8187702265372169;0.8062283737024222;0.06556211411952972;0.019572166725993156
FMT_C;FMT_C;test;SAE_D2_RVH_FMT_C;VH;0.2;0.3;5;votes;0.5;0.3;311;0.8516320474777448;0.7718962543689843;0.790633608815427;0.9228295819935691;287.0;76;24;0.9228295819935691;0.209366391184573;0.07717041800643087;0.8350287675857544;0.42684292793273926
FMT_C;FMT_C;val;SAE_D2_RVH_FMT_C;VH;0.2;0.3;5;votes;0.75;0.2;316;0.6549391069012178;0.7560662699322409;0.5721040189125296;0.7658227848101266;242.0;181;74;0.7658227848101266;0.42789598108747046;0.23417721518987342;0.17105276882648468;0.08152670413255692
FMT_C;Capitan;test;SAE_D2_RVH_FMT_C;VH;0.2;0.3;5;votes;0.75;0.2;144;0;0;0.0;0.0;0.0;33;144;0.0;1.0;1.0;0.0;0.0
FMT_C;SEILS;test;SAE_D2_RVH_FMT_C;VH;0.2;0.3;5;votes;0.75;0.2;289;0.10706638115631692;0.6175645906557705;0.1404494382022472;0.08650519031141868;25.0;153;264;0.08650519031141868;0.8595505617977528;0.9134948096885813;0.02930639684200287;0.007246432360261679
FMT_C;FMT_C;test;SAE_D2_RVH_FMT_C;VH;0.2;0.3;5;votes;0.75;0.2;311;0.7183098591549295;0.751053246857773;0.6390977443609023;0.819935691318328;255.0;144;56;0.819935691318328;0.3609022556390977;0.18006430868167203;0.6115749478340149;0.2797999978065491
FMT_C;FMT_C;val;SAE_D2_RVH_FMT_C;VH;0.2;0.3;5;votes;1.0;0.1;316;0.44235924932975873;0.7486431430359962;0.38372093023255816;0.5221518987341772;165.0;265;151;0.5221518987341772;0.6162790697674418;0.4778481012658228;0.046111274510622025;0.02192899025976658
FMT_C;Capitan;test;SAE_D2_RVH_FMT_C;VH;0.2;0.3;5;votes;1.0;0.1;144;0;0;0.0;0.0;0.0;6;144;0.0;1.0;1.0;0.0;0.0
FMT_C;SEILS;test;SAE_D2_RVH_FMT_C;VH;0.2;0.3;5;votes;1.0;0.1;289;0.04878048780487805;0.5720404309221426;0.1125;0.031141868512110725;9.0;71;280;0.031141868512110725;0.8875;0.9688581314878892;0.0049190642312169075;0.0008478291565552354
FMT_C;FMT_C;test;SAE_D2_RVH_FMT_C;VH;0.2;0.3;5;votes;1.0;0.1;311;0.45646437994722955;0.7306398293093989;0.3870246085011186;0.5562700964630225;173.0;274;138;0.5562700964630225;0.6129753914988815;0.4437299035369775;0.25565752387046814;0.10493774712085724
FMT_C;FMT_C;val;SAE_D2_RVH_FMT_C;VH;0.2;0.4;5;votes;0.25;0.2;316;0.6277561608300908;0.7319912084476861;0.5318681318681319;0.7658227848101266;242.0;213;74;0.7658227848101266;0.46813186813186813;0.23417721518987342;0.2766459286212921;0.12872247397899628
FMT_C;Capitan;test;SAE_D2_RVH_FMT_C;VH;0.2;0.4;5;votes;0.25;0.2;144;0;0;0.0;0.0;0.0;91;144;0.0;1.0;1.0;0.0;0.0
FMT_C;SEILS;test;SAE_D2_RVH_FMT_C;VH;0.2;0.4;5;votes;0.25;0.2;289;0.0816326530612245;0.6210521311199972;0.088;0.07612456747404844;22.0;228;267;0.07612456747404844;0.912;0.9238754325259516;0.015266832895576954;0.004187956918030977
FMT_C;FMT_C;test;SAE_D2_RVH_FMT_C;VH;0.2;0.4;5;votes;0.25;0.2;311;0.6075268817204301;0.7386640443577693;0.5219399538106235;0.7266881028938906;226.0;207;85;0.7266881028938906;0.4780600461893764;0.2733118971061093;0.4899340271949768;0.2018962800502777
FMT_C;FMT_C;val;SAE_D2_RVH_FMT_C;VH;0.2;0.4;5;votes;0.5;0.1;316;0.49815043156596794;0.7302819006823174;0.4080808080808081;0.6392405063291139;202.0;293;114;0.6392405063291139;0.591919191919192;0.36075949367088606;0.09692652523517609;0.04578806087374687
FMT_C;Capitan;test;SAE_D2_RVH_FMT_C;VH;0.2;0.4;5;votes;0.5;0.1;144;0;0;0.0;0.0;0.0;34;144;0.0;1.0;1.0;0.0;0.0
FMT_C;SEILS;test;SAE_D2_RVH_FMT_C;VH;0.2;0.4;5;votes;0.5;0.1;289;0.04921700223713646;0.5950309478544755;0.06962025316455696;0.03806228373702422;11.0;147;278;0.03806228373702422;0.930379746835443;0.9619377162629758;0.004674165043979883;0.0011875401251018047
FMT_C;FMT_C;test;SAE_D2_RVH_FMT_C;VH;0.2;0.4;5;votes;0.5;0.1;311;0.44606060606060605;0.7236940498856849;0.35797665369649806;0.5916398713826366;184.0;330;127;0.5916398713826366;0.642023346303502;0.40836012861736337;0.2604881227016449;0.09961455315351486
FMT_C;FMT_C;val;SAE_D2_RVH_FMT_C;VH;0.2;0.4;5;votes;0.75;0.1;316;0.3316582914572865;0.7495993857174693;0.275;0.4177215189873418;132.0;348;184;0.4177215189873418;0.725;0.5822784810126582;0.02745845355093479;0.01460161805152893
FMT_C;Capitan;test;SAE_D2_RVH_FMT_C;VH;0.2;0.4;5;votes;0.75;0.1;144;0.011695906432748536;0.5661565469602717;0.037037037037037035;0.006944444444444444;1.0;26;143;0.006944444444444444;0.9629629629629629;0.9930555555555556;0.0017361111240461469;0.0004950495203956962
FMT_C;SEILS;test;SAE_D2_RVH_FMT_C;VH;0.2;0.4;5;votes;0.75;0.1;289;0.0059701492537313425;0.6655213624141022;0.021739130434782608;0.0034602076124567475;1.0;45;288;0.0034602076124567475;0.9782608695652174;0.9965397923875432;0.0001572821638546884;0.00018001800344791263
FMT_C;FMT_C;test;SAE_D2_RVH_FMT_C;VH;0.2;0.4;5;votes;0.75;0.1;311;0.24702058504875407;0.7165220225946018;0.18627450980392157;0.3665594855305466;114.0;498;197;0.3665594855305466;0.8137254901960784;0.6334405144694534;0.10181505233049393;0.039385322481393814
FMT_C;FMT_C;val;SAE_D2_RVH_FMT_C;VH;0.2;0.4;5;votes;1.0;0.1;316;0.07261724659606657;0.7058308438146229;0.06956521739130435;0.0759493670886076;24.0;321;292;0.0759493670886076;0.9304347826086956;0.9240506329113924;0.0006052667740732431;0.00029312080005183816
FMT_C;Capitan;test;SAE_D2_RVH_FMT_C;VH;0.2;0.4;5;votes;1.0;0.1;144;0;0;0.0;0.0;0.0;0;144;0.0;0.0;1.0;0.0;0.0
FMT_C;SEILS;test;SAE_D2_RVH_FMT_C;VH;0.2;0.4;5;votes;1.0;0.1;289;0;0;0.0;0.0;0.0;6;289;0.0;1.0;1.0;0.0;0.0
FMT_C;FMT_C;test;SAE_D2_RVH_FMT_C;VH;0.2;0.4;5;votes;1.0;0.1;311;0.08310249307479223;0.6992458056411153;0.072992700729927;0.09646302250803858;30.0;381;281;0.09646302250803858;0.927007299270073;0.9035369774919614;0.015433870255947113;0.0060695926658809185
FMT_C;FMT_C;val;SAE_D2_RVH_FMT_C;VH;0.2;0.5;5;votes;0.25;0.1;316;0.32208922742110985;0.7314989711548847;0.24543946932006633;0.46835443037974683;148.0;455;168;0.46835443037974683;0.7545605306799337;0.5316455696202531;0.0681832805275917;0.031176546588540077
FMT_C;Capitan;test;SAE_D2_RVH_FMT_C;VH;0.2;0.5;5;votes;0.25;0.1;144;0;0;0.0;0.0;0.0;97;144;0.0;1.0;1.0;0.0;0.0
FMT_C;SEILS;test;SAE_D2_RVH_FMT_C;VH;0.2;0.5;5;votes;0.25;0.1;289;0.06310679611650485;0.6795433504352874;0.10569105691056911;0.04498269896193772;13.0;110;276;0.04498269896193772;0.8943089430894309;0.9550173010380623;0.006954009644687176;0.003243102226406336
FMT_C;FMT_C;test;SAE_D2_RVH_FMT_C;VH;0.2;0.5;5;votes;0.25;0.1;311;0.24850894632206758;0.7027972220571842;0.17985611510791366;0.40192926045016075;125.0;570;186;0.40192926045016075;0.8201438848920863;0.5980707395498392;0.10148138552904129;0.03543732315301895
FMT_C;FMT_C;val;SAE_D2_RVH_FMT_C;VH;0.2;0.5;5;votes;0.5;0.1;316;0.156390977443609;0.7487429676223132;0.1489971346704871;0.16455696202531644;52.0;297;264;0.16455696202531644;0.8510028653295129;0.8354430379746836;0.012223771773278713;0.0071307891048491
FMT_C;Capitan;test;SAE_D2_RVH_FMT_C;VH;0.2;0.5;5;votes;0.5;0.1;144;0;0;0.0;0.0;0.0;3;144;0.0;1.0;1.0;0.0;0.0
FMT_C;SEILS;test;SAE_D2_RVH_FMT_C;VH;0.2;0.5;5;votes;0.5;0.1;289;0;0;0.0;0.0;0.0;14;289;0.0;1.0;1.0;0.0;0.0
FMT_C;FMT_C;test;SAE_D2_RVH_FMT_C;VH;0.2;0.5;5;votes;0.5;0.1;311;0.13802435723951284;0.7312390772937153;0.1191588785046729;0.1639871382636656;51.0;377;260;0.1639871382636656;0.8808411214953271;0.8360128617363344;0.03296274319291115;0.017016906291246414
FMT_C;FMT_C;val;SAE_D2_RVH_FMT_C;VH;0.2;0.5;5;votes;0.75;0.1;316;0.046403712296983764;0.7264797941613161;0.08695652173913043;0.03164556962025317;10.0;105;306;0.03164556962025317;0.9130434782608695;0.9683544303797469;0.00041479046922177076;0.0004425826482474804
FMT_C;Capitan;test;SAE_D2_RVH_FMT_C;VH;0.2;0.5;5;votes;0.75;0.1;144;0;0;0.0;0.0;0.0;1;144;0.0;1.0;1.0;0.0;0.0
FMT_C;SEILS;test;SAE_D2_RVH_FMT_C;VH;0.2;0.5;5;votes;0.75;0.1;289;0;0;0.0;0.0;0.0;0;289;0.0;0.0;1.0;0.0;0.0
FMT_C;FMT_C;test;SAE_D2_RVH_FMT_C;VH;0.2;0.5;5;votes;0.75;0.1;311;0.03017241379310345;0.7681475100235076;0.0457516339869281;0.022508038585209004;7.0;146;304;0.022508038585209004;0.954248366013072;0.977491961414791;0.004077243618667126;0.002300281310454011
FMT_C;FMT_C;val;SAE_D2_RVH_FMT_C;VH;0.2;0.5;5;votes;1.0;0.9;316;0;0;0.0;0.0;0.0;0;316;0.0;0.0;1.0;0.0;0.0
FMT_C;Capitan;test;SAE_D2_RVH_FMT_C;VH;0.2;0.5;5;votes;1.0;0.9;144;0;0;0.0;0.0;0.0;0;144;0.0;0.0;1.0;0.0;0.0
FMT_C;SEILS;test;SAE_D2_RVH_FMT_C;VH;0.2;0.5;5;votes;1.0;0.9;289;0;0;0.0;0.0;0.0;0;289;0.0;0.0;1.0;0.0;0.0
FMT_C;FMT_C;test;SAE_D2_RVH_FMT_C;VH;0.2;0.5;5;votes;1.0;0.9;311;0;0;0.0;0.0;0.0;0;311;0.0;0.0;1.0;0.0;0.0
FMT_C;FMT_C;val;SAE_D2_RVH_FMT_C;VH;0.2;0.1;25;votes;0.25;0.65;316;0.9715189873417721;0.8231565883115267;0.9715189873417721;0.9715189873417721;307.0;9;9;0.9715189873417721;0.028481012658227847;0.028481012658227847;0.7606759667396545;0.3970990777015686
FMT_C;Capitan;test;SAE_D2_RVH_FMT_C;VH;0.2;0.1;25;votes;0.25;0.65;144;0.1687763713080169;0.6204290120446835;0.21505376344086022;0.1388888888888889;20.0;73;124;0.1388888888888889;0.7849462365591398;0.8611111111111112;0.03574366867542267;0.009137473069131374
FMT_C;SEILS;test;SAE_D2_RVH_FMT_C;VH;0.2;0.1;25;votes;0.25;0.65;289;0.504599211563732;0.6879805911259584;0.4067796610169492;0.6643598615916955;192.0;280;97;0.6643598615916955;0.5932203389830508;0.3356401384083045;0.40587398409843445;0.13762035965919495
FMT_C;FMT_C;test;SAE_D2_RVH_FMT_C;VH;0.2;0.1;25;votes;0.25;0.65;311;0.9759229534510432;0.8126984246469569;0.9743589743589743;0.977491961414791;304.0;8;7;0.977491961414791;0.02564102564102564;0.022508038585209004;0.9681130051612854;0.5564767122268677
FMT_C;FMT_C;val;SAE_D2_RVH_FMT_C;VH;0.2;0.1;25;votes;0.5;0.55;316;0.9761526232114468;0.8184928242964203;0.9808306709265175;0.9715189873417721;307.0;6;9;0.9715189873417721;0.019169329073482427;0.028481012658227847;0.7891332507133484;0.41686660051345825
FMT_C;Capitan;test;SAE_D2_RVH_FMT_C;VH;0.2;0.1;25;votes;0.5;0.55;144;0.12149532710280372;0.5973947416524131;0.18571428571428572;0.09027777777777778;13.0;57;131;0.09027777777777778;0.8142857142857143;0.9097222222222222;0.020544664934277534;0.005279826931655407
FMT_C;SEILS;test;SAE_D2_RVH_FMT_C;VH;0.2;0.1;25;votes;0.5;0.55;289;0.4664804469273743;0.6767559157075536;0.3911007025761124;0.5778546712802768;167.0;260;122;0.5778546712802768;0.6088992974238876;0.42214532871972316;0.3318978548049927;0.10634104907512665
FMT_C;FMT_C;test;SAE_D2_RVH_FMT_C;VH;0.2;0.1;25;votes;0.5;0.55;311;0.9791332263242376;0.8106715171078734;0.9775641025641025;0.9807073954983923;305.0;7;6;0.9807073954983923;0.022435897435897436;0.01929260450160772;0.9714547395706177;0.5584717392921448
FMT_C;FMT_C;val;SAE_D2_RVH_FMT_C;VH;0.2;0.1;25;votes;0.75;0.5;316;0.9746835443037974;0.8185986275088504;0.9746835443037974;0.9746835443037974;308.0;8;8;0.9746835443037974;0.02531645569620253;0.02531645569620253;0.7621903419494629;0.3991849720478058
FMT_C;Capitan;test;SAE_D2_RVH_FMT_C;VH;0.2;0.1;25;votes;0.75;0.5;144;0.06185567010309278;0.5795778153961556;0.12;0.041666666666666664;6.0;44;138;0.041666666666666664;0.88;0.9583333333333334;0.00824652798473835;0.001686835428699851
FMT_C;SEILS;test;SAE_D2_RVH_FMT_C;VH;0.2;0.1;25;votes;0.75;0.5;289;0.36196319018404904;0.6660396404690434;0.325068870523416;0.4083044982698962;118.0;245;171;0.4083044982698962;0.6749311294765841;0.5916955017301038;0.2241331934928894;0.0654711201786995
FMT_C;FMT_C;test;SAE_D2_RVH_FMT_C;VH;0.2;0.1;25;votes;0.75;0.5;311;0.9713375796178344;0.807551695913503;0.9621451104100947;0.9807073954983923;305.0;12;6;0.9807073954983923;0.03785488958990536;0.01929260450160772;0.9599047899246216;0.5365447402000427
FMT_C;FMT_C;val;SAE_D2_RVH_FMT_C;VH;0.2;0.1;25;votes;1.0;0.3;316;0.8464977645305514;0.7874221911881865;0.8;0.8987341772151899;284.0;71;32;0.8987341772151899;0.2;0.10126582278481013;0.3490432798862457;0.16554789245128632
FMT_C;Capitan;test;SAE_D2_RVH_FMT_C;VH;0.2;0.1;25;votes;1.0;0.3;144;0;0;0.0;0.0;0.0;22;144;0.0;1.0;1.0;0.0;0.0
FMT_C;SEILS;test;SAE_D2_RVH_FMT_C;VH;0.2;0.1;25;votes;1.0;0.3;289;0.2470119521912351;0.6270774648273592;0.29107981220657275;0.21453287197231835;62.0;151;227;0.21453287197231835;0.7089201877934272;0.7854671280276817;0.0887095183134079;0.022123929113149643
FMT_C;FMT_C;test;SAE_D2_RVH_FMT_C;VH;0.2;0.1;25;votes;1.0;0.3;311;0.8328358208955225;0.7852082895913965;0.7771587743732591;0.8971061093247589;279.0;80;32;0.8971061093247589;0.22284122562674094;0.10289389067524116;0.7199634313583374;0.37791863083839417
FMT_C;FMT_C;val;SAE_D2_RVH_FMT_C;VH;0.2;0.2;25;votes;0.25;0.6;316;0.9684542586750788;0.8162966784709651;0.9654088050314465;0.9715189873417721;307.0;11;9;0.9715189873417721;0.03459119496855346;0.028481012658227847;0.7498391270637512;0.38767701387405396
FMT_C;Capitan;test;SAE_D2_RVH_FMT_C;VH;0.2;0.2;25;votes;0.25;0.6;144;0.15246636771300448;0.5969967057424213;0.21518987341772153;0.11805555555555555;17.0;62;127;0.11805555555555555;0.7848101265822784;0.8819444444444444;0.030670322477817535;0.006941887084394693
FMT_C;SEILS;test;SAE_D2_RVH_FMT_C;VH;0.2;0.2;25;votes;0.25;0.6;289;0.39630118890356675;0.6734610888578432;0.32051282051282054;0.5190311418685121;150.0;318;139;0.5190311418685121;0.6794871794871795;0.4809688581314879;0.26156511902809143;0.0849585309624672
FMT_C;FMT_C;test;SAE_D2_RVH_FMT_C;VH;0.2;0.2;25;votes;0.25;0.6;311;0.9791332263242376;0.8106186171717303;0.9775641025641025;0.9807073954983923;305.0;7;6;0.9807073954983923;0.022435897435897436;0.01929260450160772;0.9713404178619385;0.5569491982460022
FMT_C;FMT_C;val;SAE_D2_RVH_FMT_C;VH;0.2;0.2;25;votes;0.5;0.5;316;0.9746031746031746;0.8185577270210206;0.9777070063694268;0.9715189873417721;307.0;7;9;0.9715189873417721;0.022292993630573247;0.028481012658227847;0.730675458908081;0.3821508586406708
FMT_C;Capitan;test;SAE_D2_RVH_FMT_C;VH;0.2;0.2;25;votes;0.5;0.5;144;0.03278688524590164;0.6002937555476026;0.07692307692307693;0.020833333333333332;3.0;36;141;0.020833333333333332;0.9230769230769231;0.9791666666666666;0.0029761905316263437;0.0009528772789053619
FMT_C;SEILS;test;SAE_D2_RVH_FMT_C;VH;0.2;0.2;25;votes;0.5;0.5;289;0.30050083472454087;0.6369047170250989;0.2903225806451613;0.31141868512110726;90.0;220;199;0.31141868512110726;0.7096774193548387;0.6885813148788927;0.14680573344230652;0.03638816624879837
FMT_C;FMT_C;test;SAE_D2_RVH_FMT_C;VH;0.2;0.2;25;votes;0.5;0.5;311;0.9775641025641026;0.8088129827058681;0.9744408945686901;0.9807073954983923;305.0;8;6;0.9807073954983923;0.025559105431309903;0.01929260450160772;0.9703133702278137;0.5475926399230957
FMT_C;FMT_C;val;SAE_D2_RVH_FMT_C;VH;0.2;0.2;25;votes;0.75;0.35;316;0.9544740973312403;0.805156176484687;0.9470404984423676;0.9620253164556962;304.0;17;12;0.9620253164556962;0.0529595015576324;0.0379746835443038;0.5059249401092529;0.25848162174224854
FMT_C;Capitan;test;SAE_D2_RVH_FMT_C;VH;0.2;0.2;25;votes;0.75;0.35;144;0;0;0.0;0.0;0.0;24;144;0.0;1.0;1.0;0.0;0.0
FMT_C;SEILS;test;SAE_D2_RVH_FMT_C;VH;0.2;0.2;25;votes;0.75;0.35;289;0.19665271966527195;0.6020704172507105;0.24867724867724866;0.16262975778546712;47.0;142;242;0.16262975778546712;0.7513227513227513;0.8373702422145328;0.0814027488231659;0.015848079696297646
FMT_C;FMT_C;test;SAE_D2_RVH_FMT_C;VH;0.2;0.2;25;votes;0.75;0.35;311;0.9588607594936709;0.7961656366918937;0.9439252336448598;0.9742765273311897;303.0;18;8;0.9742765273311897;0.056074766355140186;0.02572347266881029;0.9493059515953064;0.5231298208236694
FMT_C;FMT_C;val;SAE_D2_RVH_FMT_C;VH;0.2;0.2;25;votes;1.0;0.15;316;0.42028985507246375;0.7466288125902029;0.33984375;0.5506329113924051;174.0;338;142;0.5506329113924051;0.66015625;0.44936708860759494;0.039890263229608536;0.01627170294523239
FMT_C;Capitan;test;SAE_D2_RVH_FMT_C;VH;0.2;0.2;25;votes;1.0;0.15;144;0;0;0.0;0.0;0.0;3;144;0.0;1.0;1.0;0.0;0.0
FMT_C;SEILS;test;SAE_D2_RVH_FMT_C;VH;0.2;0.2;25;votes;1.0;0.15;289;0.02203856749311295;0.6425236498206501;0.05405405405405406;0.01384083044982699;4.0;70;285;0.01384083044982699;0.9459459459459459;0.986159169550173;0.003893656888976693;0.001174155855551362
FMT_C;FMT_C;test;SAE_D2_RVH_FMT_C;VH;0.2;0.2;25;votes;1.0;0.15;311;0.47148288973384034;0.7567431498228697;0.3891213389121339;0.5980707395498392;186.0;292;125;0.5980707395498392;0.6108786610878661;0.40192926045016075;0.2516638934612274;0.11977417767047882
FMT_C;FMT_C;val;SAE_D2_RVH_FMT_C;VH;0.2;0.3;25;votes;0.25;0.5;316;0.9489953632148378;0.8030441107449436;0.9274924471299094;0.9715189873417721;307.0;24;9;0.9715189873417721;0.07250755287009064;0.028481012658227847;0.7161977887153625;0.37095075845718384
FMT_C;Capitan;test;SAE_D2_RVH_FMT_C;VH;0.2;0.3;25;votes;0.25;0.5;144;0.07079646017699115;0.6010334892063017;0.0975609756097561;0.05555555555555555;8.0;74;136;0.05555555555555555;0.9024390243902439;0.9444444444444444;0.0066642300225794315;0.001700237742625177
FMT_C;SEILS;test;SAE_D2_RVH_FMT_C;VH;0.2;0.3;25;votes;0.25;0.5;289;0.27;0.6509785152560544;0.2604501607717042;0.28027681660899656;81.0;230;208;0.28027681660899656;0.7395498392282959;0.7197231833910035;0.12410659343004227;0.03428395837545395
FMT_C;FMT_C;test;SAE_D2_RVH_FMT_C;VH;0.2;0.3;25;votes;0.25;0.5;311;0.9682539682539683;0.7984150777565375;0.9561128526645768;0.9807073954983923;305.0;14;6;0.9807073954983923;0.0438871473354232;0.01929260450160772;0.9666688442230225;0.5347374081611633
FMT_C;FMT_C;val;SAE_D2_RVH_FMT_C;VH;0.2;0.3;25;votes;0.5;0.25;316;0.9447077409162717;0.7698418296294017;0.943217665615142;0.9462025316455697;299.0;18;17;0.9462025316455697;0.056782334384858045;0.05379746835443038;0.4956669509410858;0.25440675020217896
FMT_C;Capitan;test;SAE_D2_RVH_FMT_C;VH;0.2;0.3;25;votes;0.5;0.25;144;0.01111111111111111;0.5772830788430872;0.027777777777777776;0.006944444444444444;1.0;35;143;0.006944444444444444;0.9722222222222222;0.9930555555555556;0.0007716049440205097;0.00022002200421411544
FMT_C;SEILS;test;SAE_D2_RVH_FMT_C;VH;0.2;0.3;25;votes;0.5;0.25;289;0.16170212765957445;0.5903048849502547;0.20994475138121546;0.1314878892733564;38.0;143;251;0.1314878892733564;0.7900552486187845;0.8685121107266436;0.05857149511575699;0.01144478004425764
FMT_C;FMT_C;test;SAE_D2_RVH_FMT_C;VH;0.2;0.3;25;votes;0.5;0.25;311;0.9205834683954619;0.7754194275333882;0.9281045751633987;0.9131832797427653;284.0;22;27;0.9131832797427653;0.0718954248366013;0.08681672025723473;0.8567262291908264;0.43843787908554077
FMT_C;FMT_C;val;SAE_D2_RVH_FMT_C;VH;0.2;0.3;25;votes;0.75;0.15;316;0.7203389830508474;0.7618845146012585;0.6505102040816326;0.8069620253164557;255.0;137;61;0.8069620253164557;0.3494897959183674;0.1930379746835443;0.13892343640327454;0.06560641527175903
FMT_C;Capitan;test;SAE_D2_RVH_FMT_C;VH;0.2;0.3;25;votes;0.75;0.15;144;0;0;0.0;0.0;0.0;12;144;0.0;1.0;1.0;0.0;0.0
FMT_C;SEILS;test;SAE_D2_RVH_FMT_C;VH;0.2;0.3;25;votes;0.75;0.15;289;0.03252032520325203;0.6236999804724378;0.075;0.020761245674740483;6.0;74;283;0.020761245674740483;0.925;0.9792387543252595;0.005236852448433638;0.0018320062663406134
FMT_C;FMT_C;test;SAE_D2_RVH_FMT_C;VH;0.2;0.3;25;votes;0.75;0.15;311;0.7456647398843932;0.7623545444610808;0.6771653543307087;0.8295819935691319;258.0;123;53;0.8295819935691319;0.3228346456692913;0.17041800643086816;0.5936391353607178;0.2843107581138611
FMT_C;FMT_C;val;SAE_D2_RVH_FMT_C;VH;0.2;0.3;25;votes;1.0;0.1;316;0.11484593837535013;0.7661820039003221;0.10301507537688442;0.12974683544303797;41.0;357;275;0.12974683544303797;0.8969849246231156;0.870253164556962;0.0018111832905560732;0.0009080434101633728
FMT_C;Capitan;test;SAE_D2_RVH_FMT_C;VH;0.2;0.3;25;votes;1.0;0.1;144;0;0;0.0;0.0;0.0;0;144;0.0;0.0;1.0;0.0;0.0
FMT_C;SEILS;test;SAE_D2_RVH_FMT_C;VH;0.2;0.3;25;votes;1.0;0.1;289;0;0;0.0;0.0;0.0;10;289;0.0;1.0;1.0;0.0;0.0
FMT_C;FMT_C;test;SAE_D2_RVH_FMT_C;VH;0.2;0.3;25;votes;1.0;0.1;311;0.050761421319796954;0.6946169266608399;0.041928721174004195;0.06430868167202572;20.0;457;291;0.06430868167202572;0.9580712788259959;0.9356913183279743;0.0030894323717802763;0.0009585851803421974
FMT_C;FMT_C;val;SAE_D2_RVH_FMT_C;VH;0.2;0.4;25;votes;0.25;0.3;316;0.8922155688622755;0.7812113274507239;0.8465909090909091;0.9430379746835443;298.0;54;18;0.9430379746835443;0.1534090909090909;0.056962025316455694;0.47738856077194214;0.24356777966022491
FMT_C;Capitan;test;SAE_D2_RVH_FMT_C;VH;0.2;0.4;25;votes;0.25;0.3;144;0.031578947368421054;0.588025492353506;0.06521739130434782;0.020833333333333332;3.0;43;141;0.020833333333333332;0.9347826086956522;0.9791666666666666;0.001953125;0.0005922914133407176
FMT_C;SEILS;test;SAE_D2_RVH_FMT_C;VH;0.2;0.4;25;votes;0.25;0.3;289;0.1029082774049217;0.6197089054207079;0.14556962025316456;0.07958477508650519;23.0;135;266;0.07958477508650519;0.8544303797468354;0.9204152249134948;0.043253201991319656;0.009739350527524948
FMT_C;FMT_C;test;SAE_D2_RVH_FMT_C;VH;0.2;0.4;25;votes;0.25;0.3;311;0.8818181818181817;0.7867516371036212;0.833810888252149;0.9356913183279743;291.0;58;20;0.9356913183279743;0.166189111747851;0.06430868167202572;0.8699467182159424;0.4604009687900543
FMT_C;FMT_C;val;SAE_D2_RVH_FMT_C;VH;0.2;0.4;25;votes;0.5;0.1;316;0.6517150395778364;0.7386895147988679;0.5588235294117647;0.7816455696202531;247.0;195;69;0.7816455696202531;0.4411764705882353;0.21835443037974683;0.10804906487464905;0.05391016602516174
FMT_C;Capitan;test;SAE_D2_RVH_FMT_C;VH;0.2;0.4;25;votes;0.5;0.1;144;0;0;0.0;0.0;0.0;13;144;0.0;1.0;1.0;0.0;0.0
FMT_C;SEILS;test;SAE_D2_RVH_FMT_C;VH;0.2;0.4;25;votes;0.5;0.1;289;0.034582132564841495;0.6151856522495225;0.10344827586206896;0.020761245674740483;6.0;52;283;0.020761245674740483;0.896551724137931;0.9792387543252595;0.006564782932400703;0.0021974698174744844
FMT_C;FMT_C;test;SAE_D2_RVH_FMT_C;VH;0.2;0.4;25;votes;0.5;0.1;311;0.6713091922005572;0.763321171333772;0.5921375921375921;0.77491961414791;241.0;166;70;0.77491961414791;0.40786240786240785;0.22508038585209003;0.5410966277122498;0.2563227713108063
FMT_C;FMT_C;val;SAE_D2_RVH_FMT_C;VH;0.2;0.4;25;votes;0.75;0.1;316;0.21170610211706103;0.7856461169802206;0.17453798767967146;0.2689873417721519;85.0;402;231;0.2689873417721519;0.8254620123203286;0.7310126582278481;0.006768965162336826;0.0033984240144491196
FMT_C;Capitan;test;SAE_D2_RVH_FMT_C;VH;0.2;0.4;25;votes;0.75;0.1;144;0;0;0.0;0.0;0.0;0;144;0.0;0.0;1.0;0.0;0.0
FMT_C;SEILS;test;SAE_D2_RVH_FMT_C;VH;0.2;0.4;25;votes;0.75;0.1;289;0;0;0.0;0.0;0.0;5;289;0.0;1.0;1.0;0.0;0.0
FMT_C;FMT_C;test;SAE_D2_RVH_FMT_C;VH;0.2;0.4;25;votes;0.75;0.1;311;0.2110091743119266;0.7430133555101546;0.16399286987522282;0.2958199356913183;92.0;469;219;0.2958199356913183;0.8360071301247772;0.7041800643086816;0.05440981686115265;0.023115048184990883
FMT_C;FMT_C;val;SAE_D2_RVH_FMT_C;VH;0.2;0.4;25;votes;1.0;0.9;316;0;0;0.0;0.0;0.0;0;316;0.0;0.0;1.0;0.0;0.0
FMT_C;Capitan;test;SAE_D2_RVH_FMT_C;VH;0.2;0.4;25;votes;1.0;0.9;144;0;0;0.0;0.0;0.0;0;144;0.0;0.0;1.0;0.0;0.0
FMT_C;SEILS;test;SAE_D2_RVH_FMT_C;VH;0.2;0.4;25;votes;1.0;0.9;289;0;0;0.0;0.0;0.0;0;289;0.0;0.0;1.0;0.0;0.0
FMT_C;FMT_C;test;SAE_D2_RVH_FMT_C;VH;0.2;0.4;25;votes;1.0;0.9;311;0;0;0.0;0.0;0.0;0;311;0.0;0.0;1.0;0.0;0.0
FMT_C;FMT_C;val;SAE_D2_RVH_FMT_C;VH;0.2;0.5;25;votes;0.25;0.1;316;0.6073697585768741;0.749960360239202;0.5074309978768577;0.7563291139240507;239.0;232;77;0.7563291139240507;0.49256900212314225;0.24367088607594936;0.1116635724902153;0.05554104596376419
FMT_C;Capitan;test;SAE_D2_RVH_FMT_C;VH;0.2;0.5;25;votes;0.25;0.1;144;0;0;0.0;0.0;0.0;25;144;0.0;1.0;1.0;0.0;0.0
FMT_C;SEILS;test;SAE_D2_RVH_FMT_C;VH;0.2;0.5;25;votes;0.25;0.1;289;0.012269938650306749;0.6602780534096551;0.05405405405405406;0.006920415224913495;2.0;35;287;0.006920415224913495;0.9459459459459459;0.9930795847750865;0.0021420333068817854;0.001320132054388523
FMT_C;FMT_C;test;SAE_D2_RVH_FMT_C;VH;0.2;0.5;25;votes;0.25;0.1;311;0.5977011494252874;0.7629474252180046;0.4957627118644068;0.752411575562701;234.0;238;77;0.752411575562701;0.5042372881355932;0.24758842443729903;0.47112828493118286;0.2191358059644699
FMT_C;FMT_C;val;SAE_D2_RVH_FMT_C;VH;0.2;0.5;25;votes;0.5;0.1;316;0.17142857142857143;0.7850376928543845;0.15625;0.189873417721519;60.0;324;256;0.189873417721519;0.84375;0.810126582278481;0.0053481957875192165;0.00273504969663918
FMT_C;Capitan;test;SAE_D2_RVH_FMT_C;VH;0.2;0.5;25;votes;0.5;0.1;144;0;0;0.0;0.0;0.0;0;144;0.0;0.0;1.0;0.0;0.0
FMT_C;SEILS;test;SAE_D2_RVH_FMT_C;VH;0.2;0.5;25;votes;0.5;0.1;289;0;0;0.0;0.0;0.0;0;289;0.0;0.0;1.0;0.0;0.0
FMT_C;FMT_C;test;SAE_D2_RVH_FMT_C;VH;0.2;0.5;25;votes;0.5;0.1;311;0.14825581395348836;0.7519837234178187;0.13527851458885942;0.1639871382636656;51.0;326;260;0.1639871382636656;0.8647214854111406;0.8360128617363344;0.03541392460465431;0.01687145046889782
FMT_C;FMT_C;val;SAE_D2_RVH_FMT_C;VH;0.2;0.5;25;votes;0.75;0.1;316;0.0059701492537313425;0.690953240921515;0.05263157894736842;0.0031645569620253164;1.0;18;315;0.0031645569620253164;0.9473684210526315;0.9968354430379747;2.659291567397304e-05;0.0007072135922499001
FMT_C;Capitan;test;SAE_D2_RVH_FMT_C;VH;0.2;0.5;25;votes;0.75;0.1;144;0;0;0.0;0.0;0.0;0;144;0.0;0.0;1.0;0.0;0.0
FMT_C;SEILS;test;SAE_D2_RVH_FMT_C;VH;0.2;0.5;25;votes;0.75;0.1;289;0;0;0.0;0.0;0.0;0;289;0.0;0.0;1.0;0.0;0.0
FMT_C;FMT_C;test;SAE_D2_RVH_FMT_C;VH;0.2;0.5;25;votes;0.75;0.1;311;0;0;0.0;0.0;0.0;35;311;0.0;1.0;1.0;0.0;0.0
FMT_C;FMT_C;val;SAE_D2_RVH_FMT_C;VH;0.2;0.5;25;votes;1.0;0.9;316;0;0;0.0;0.0;0.0;0;316;0.0;0.0;1.0;0.0;0.0
FMT_C;Capitan;test;SAE_D2_RVH_FMT_C;VH;0.2;0.5;25;votes;1.0;0.9;144;0;0;0.0;0.0;0.0;0;144;0.0;0.0;1.0;0.0;0.0
FMT_C;SEILS;test;SAE_D2_RVH_FMT_C;VH;0.2;0.5;25;votes;1.0;0.9;289;0;0;0.0;0.0;0.0;0;289;0.0;0.0;1.0;0.0;0.0
FMT_C;FMT_C;test;SAE_D2_RVH_FMT_C;VH;0.2;0.5;25;votes;1.0;0.9;311;0;0;0.0;0.0;0.0;0;311;0.0;0.0;1.0;0.0;0.0
FMT_C;FMT_C;val;SAE_D2_RVH_FMT_C;VH;0.2;0.1;75;votes;0.25;0.65;316;0.9746031746031746;0.8227043693838244;0.9777070063694268;0.9715189873417721;307.0;7;9;0.9715189873417721;0.022292993630573247;0.028481012658227847;0.7648338675498962;0.39662641286849976
FMT_C;Capitan;test;SAE_D2_RVH_FMT_C;VH;0.2;0.1;75;votes;0.25;0.65;144;0.1826086956521739;0.6014865264268371;0.2441860465116279;0.14583333333333334;21.0;65;123;0.14583333333333334;0.7558139534883721;0.8541666666666666;0.04510173201560974;0.008700636215507984
FMT_C;SEILS;test;SAE_D2_RVH_FMT_C;VH;0.2;0.1;75;votes;0.25;0.65;289;0.524804177545692;0.6947892609779495;0.42138364779874216;0.6955017301038062;201.0;276;88;0.6955017301038062;0.5786163522012578;0.3044982698961938;0.40831902623176575;0.14459362626075745
FMT_C;FMT_C;test;SAE_D2_RVH_FMT_C;VH;0.2;0.1;75;votes;0.25;0.65;311;0.9759229534510432;0.8110233540145184;0.9743589743589743;0.977491961414791;304.0;8;7;0.977491961414791;0.02564102564102564;0.022508038585209004;0.9684367179870605;0.5503437519073486
FMT_C;FMT_C;val;SAE_D2_RVH_FMT_C;VH;0.2;0.1;75;votes;0.5;0.55;316;0.9761526232114468;0.8195385442152118;0.9808306709265175;0.9715189873417721;307.0;6;9;0.9715189873417721;0.019169329073482427;0.028481012658227847;0.7888285517692566;0.41961899399757385
FMT_C;Capitan;test;SAE_D2_RVH_FMT_C;VH;0.2;0.1;75;votes;0.5;0.55;144;0.13023255813953488;0.5762539789799641;0.19718309859154928;0.09722222222222222;14.0;57;130;0.09722222222222222;0.8028169014084507;0.9027777777777778;0.025757575407624245;0.004416441544890404
FMT_C;SEILS;test;SAE_D2_RVH_FMT_C;VH;0.2;0.1;75;votes;0.5;0.55;289;0.45618915159944373;0.684161021794439;0.3813953488372093;0.5674740484429066;164.0;266;125;0.5674740484429066;0.6186046511627907;0.43252595155709345;0.33047765493392944;0.11094149202108383
FMT_C;FMT_C;test;SAE_D2_RVH_FMT_C;VH;0.2;0.1;75;votes;0.5;0.55;311;0.9759229534510432;0.8118887573766393;0.9743589743589743;0.977491961414791;304.0;8;7;0.977491961414791;0.02564102564102564;0.022508038585209004;0.9685660004615784;0.559077799320221
FMT_C;FMT_C;val;SAE_D2_RVH_FMT_C;VH;0.2;0.1;75;votes;0.75;0.45;316;0.9746031746031746;0.813174069267597;0.9777070063694268;0.9715189873417721;307.0;7;9;0.9715189873417721;0.022292993630573247;0.028481012658227847;0.7717171907424927;0.4096292555332184
FMT_C;Capitan;test;SAE_D2_RVH_FMT_C;VH;0.2;0.1;75;votes;0.75;0.45;144;0.030612244897959186;0.5695742811660621;0.057692307692307696;0.020833333333333332;3.0;49;141;0.020833333333333332;0.9423076923076923;0.9791666666666666;0.0018382353009656072;0.00040768779581412673
FMT_C;SEILS;test;SAE_D2_RVH_FMT_C;VH;0.2;0.1;75;votes;0.75;0.45;289;0.37209302325581395;0.6607043352025291;0.33707865168539325;0.41522491349480967;120.0;236;169;0.41522491349480967;0.6629213483146067;0.5847750865051903;0.22154150903224945;0.06497417390346527
FMT_C;FMT_C;test;SAE_D2_RVH_FMT_C;VH;0.2;0.1;75;votes;0.75;0.45;311;0.9728;0.8045473391351897;0.9681528662420382;0.977491961414791;304.0;10;7;0.977491961414791;0.03184713375796178;0.022508038585209004;0.9587389826774597;0.5428014993667603
FMT_C;FMT_C;val;SAE_D2_RVH_FMT_C;VH;0.2;0.1;75;votes;1.0;0.15;316;0.654434250764526;0.7502864538274232;0.6331360946745562;0.6772151898734177;214.0;124;102;0.6772151898734177;0.3668639053254438;0.3227848101265823;0.17973439395427704;0.08397072553634644
FMT_C;Capitan;test;SAE_D2_RVH_FMT_C;VH;0.2;0.1;75;votes;1.0;0.15;144;0;0;0.0;0.0;0.0;25;144;0.0;1.0;1.0;0.0;0.0
FMT_C;SEILS;test;SAE_D2_RVH_FMT_C;VH;0.2;0.1;75;votes;1.0;0.15;289;0.17857142857142858;0.5997700429837225;0.25157232704402516;0.1384083044982699;40.0;119;249;0.1384083044982699;0.7484276729559748;0.8615916955017301;0.060348160564899445;0.013547852635383606
FMT_C;FMT_C;test;SAE_D2_RVH_FMT_C;VH;0.2;0.1;75;votes;1.0;0.15;311;0.6266471449487555;0.7517308555566415;0.5752688172043011;0.6881028938906752;214.0;158;97;0.6881028938906752;0.42473118279569894;0.31189710610932475;0.4179342985153198;0.19155855476856232
FMT_C;FMT_C;val;SAE_D2_RVH_FMT_C;VH;0.2;0.2;75;votes;0.25;0.65;316;0.966824644549763;0.8257115089637393;0.9652996845425867;0.9683544303797469;306.0;11;10;0.9683544303797469;0.03470031545741325;0.03164556962025317;0.7517905831336975;0.38819435238838196
FMT_C;Capitan;test;SAE_D2_RVH_FMT_C;VH;0.2;0.2;75;votes;0.25;0.65;144;0.05714285714285715;0.5883476776121775;0.09090909090909091;0.041666666666666664;6.0;60;138;0.041666666666666664;0.9090909090909091;0.9583333333333334;0.0049715908244252205;0.0011258625891059637
FMT_C;SEILS;test;SAE_D2_RVH_FMT_C;VH;0.2;0.2;75;votes;0.25;0.65;289;0.39344262295081966;0.6719468495274741;0.32505643340857787;0.4982698961937716;144.0;299;145;0.4982698961937716;0.6749435665914221;0.5017301038062284;0.25042593479156494;0.08377885818481445
FMT_C;FMT_C;test;SAE_D2_RVH_FMT_C;VH;0.2;0.2;75;votes;0.25;0.65;311;0.9759229534510432;0.81048714474128;0.9743589743589743;0.977491961414791;304.0;8;7;0.977491961414791;0.02564102564102564;0.022508038585209004;0.9682042002677917;0.544909656047821
FMT_C;FMT_C;val;SAE_D2_RVH_FMT_C;VH;0.2;0.2;75;votes;0.5;0.45;316;0.9746031746031746;0.8089046064475067;0.9777070063694268;0.9715189873417721;307.0;7;9;0.9715189873417721;0.022292993630573247;0.028481012658227847;0.7523354291915894;0.39379197359085083
FMT_C;Capitan;test;SAE_D2_RVH_FMT_C;VH;0.2;0.2;75;votes;0.5;0.45;144;0.021978021978021976;0.563929324420561;0.05263157894736842;0.013888888888888888;2.0;36;142;0.013888888888888888;0.9473684210526315;0.9861111111111112;0.0011111111380159855;0.0003168316907249391
FMT_C;SEILS;test;SAE_D2_RVH_FMT_C;VH;0.2;0.2;75;votes;0.5;0.45;289;0.28155339805825247;0.64848150923431;0.26443768996960487;0.30103806228373703;87.0;242;202;0.30103806228373703;0.7355623100303952;0.698961937716263;0.14611083269119263;0.042839471250772476
FMT_C;FMT_C;test;SAE_D2_RVH_FMT_C;VH;0.2;0.2;75;votes;0.5;0.45;311;0.9807692307692308;0.8022385244065463;0.9776357827476039;0.9839228295819936;306.0;7;5;0.9839228295819936;0.022364217252396165;0.01607717041800643;0.9754825830459595;0.5522769689559937
FMT_C;FMT_C;val;SAE_D2_RVH_FMT_C;VH;0.2;0.2;75;votes;0.75;0.3;316;0.95748031496063;0.7958843129800229;0.9529780564263323;0.9620253164556962;304.0;15;12;0.9620253164556962;0.047021943573667714;0.0379746835443038;0.5108934044837952;0.25928831100463867
FMT_C;Capitan;test;SAE_D2_RVH_FMT_C;VH;0.2;0.2;75;votes;0.75;0.3;144;0;0;0.0;0.0;0.0;22;144;0.0;1.0;1.0;0.0;0.0
FMT_C;SEILS;test;SAE_D2_RVH_FMT_C;VH;0.2;0.2;75;votes;0.75;0.3;289;0.1853448275862069;0.6116748080760455;0.24571428571428572;0.14878892733564014;43.0;132;246;0.14878892733564014;0.7542857142857143;0.8512110726643599;0.07705865800380707;0.016052374616265297
FMT_C;FMT_C;test;SAE_D2_RVH_FMT_C;VH;0.2;0.2;75;votes;0.75;0.3;311;0.9541864139020537;0.7898252420961527;0.937888198757764;0.9710610932475884;302.0;20;9;0.9710610932475884;0.062111801242236024;0.028938906752411574;0.9399374723434448;0.5113882422447205
FMT_C;FMT_C;val;SAE_D2_RVH_FMT_C;VH;0.2;0.2;75;votes;1.0;0.1;316;0.2786177105831534;0.7193413065557873;0.21147540983606558;0.40822784810126583;129.0;481;187;0.40822784810126583;0.7885245901639344;0.5917721518987342;0.007933050394058228;0.0028677782975137234
FMT_C;Capitan;test;SAE_D2_RVH_FMT_C;VH;0.2;0.2;75;votes;1.0;0.1;144;0;0;0.0;0.0;0.0;0;144;0.0;0.0;1.0;0.0;0.0
FMT_C;SEILS;test;SAE_D2_RVH_FMT_C;VH;0.2;0.2;75;votes;1.0;0.1;289;0.01764705882352941;0.5794054798870124;0.058823529411764705;0.010380622837370242;3.0;48;286;0.010380622837370242;0.9411764705882353;0.9896193771626297;0.0006920415326021612;0.00025577557971701026
FMT_C;FMT_C;test;SAE_D2_RVH_FMT_C;VH;0.2;0.2;75;votes;1.0;0.1;311;0.30097087378640774;0.7476674874735475;0.24171539961013644;0.3987138263665595;124.0;389;187;0.3987138263665595;0.7582846003898636;0.6012861736334405;0.10108314454555511;0.04609513282775879
FMT_C;FMT_C;val;SAE_D2_RVH_FMT_C;VH;0.2;0.3;75;votes;0.25;0.5;316;0.9640062597809077;0.805818159793196;0.9535603715170279;0.9746835443037974;308.0;15;8;0.9746835443037974;0.04643962848297214;0.02531645569620253;0.7602236270904541;0.3883545994758606
FMT_C;Capitan;test;SAE_D2_RVH_FMT_C;VH;0.2;0.3;75;votes;0.25;0.5;144;0.021164021164021163;0.5677018571514412;0.044444444444444446;0.013888888888888888;2.0;43;142;0.013888888888888888;0.9555555555555556;0.9861111111111112;0.0016534391324967146;0.0005657708388753235
FMT_C;SEILS;test;SAE_D2_RVH_FMT_C;VH;0.2;0.3;75;votes;0.25;0.5;289;0.2444444444444444;0.6469311048172321;0.22580645161290322;0.2664359861591695;77.0;264;212;0.2664359861591695;0.7741935483870968;0.7335640138408305;0.13672108948230743;0.038443733006715775
FMT_C;FMT_C;test;SAE_D2_RVH_FMT_C;VH;0.2;0.3;75;votes;0.25;0.5;311;0.9698890649762282;0.7953381450878373;0.95625;0.9839228295819936;306.0;14;5;0.9839228295819936;0.04375;0.01607717041800643;0.9716764092445374;0.5293750762939453
FMT_C;FMT_C;val;SAE_D2_RVH_FMT_C;VH;0.2;0.3;75;votes;0.5;0.3;316;0.9622641509433963;0.7940522760220013;0.95625;0.9683544303797469;306.0;14;10;0.9683544303797469;0.04375;0.03164556962025317;0.5076330900192261;0.2571491599082947
FMT_C;Capitan;test;SAE_D2_RVH_FMT_C;VH;0.2;0.3;75;votes;0.5;0.3;144;0;0;0.0;0.0;0.0;14;144;0.0;1.0;1.0;0.0;0.0
FMT_C;SEILS;test;SAE_D2_RVH_FMT_C;VH;0.2;0.3;75;votes;0.5;0.3;289;0.16190476190476188;0.6106953005383673;0.2595419847328244;0.11764705882352941;34.0;97;255;0.11764705882352941;0.7404580152671756;0.8823529411764706;0.05956755205988884;0.013103077188134193
FMT_C;FMT_C;test;SAE_D2_RVH_FMT_C;VH;0.2;0.3;75;votes;0.5;0.3;311;0.9635499207606973;0.7841163084283226;0.95;0.977491961414791;304.0;16;7;0.977491961414791;0.05;0.022508038585209004;0.9552897214889526;0.5065852403640747
FMT_C;FMT_C;val;SAE_D2_RVH_FMT_C;VH;0.2;0.3;75;votes;0.75;0.15;316;0.8034188034188035;0.7697694821938962;0.7305699481865285;0.8924050632911392;282.0;104;34;0.8924050632911392;0.2694300518134715;0.10759493670886076;0.1411844789981842;0.06883104145526886
FMT_C;Capitan;test;SAE_D2_RVH_FMT_C;VH;0.2;0.3;75;votes;0.75;0.15;144;0;0;0.0;0.0;0.0;3;144;0.0;1.0;1.0;0.0;0.0
FMT_C;SEILS;test;SAE_D2_RVH_FMT_C;VH;0.2;0.3;75;votes;0.75;0.15;289;0.02777777777777778;0.5663779309905684;0.07042253521126761;0.01730103806228374;5.0;66;284;0.01730103806228374;0.9295774647887324;0.9826989619377162;0.001796797150745988;0.0004916818579658866
FMT_C;FMT_C;test;SAE_D2_RVH_FMT_C;VH;0.2;0.3;75;votes;0.75;0.15;311;0.8183161004431314;0.7667862363476843;0.7568306010928961;0.8906752411575563;277.0;89;34;0.8906752411575563;0.24316939890710382;0.10932475884244373;0.7159633040428162;0.3464278280735016
FMT_C;FMT_C;val;SAE_D2_RVH_FMT_C;VH;0.2;0.3;75;votes;1.0;0.1;316;0.004761904761904762;0.6379304108796297;0.009615384615384616;0.0031645569620253164;1.0;103;315;0.0031645569620253164;0.9903846153846154;0.9968354430379747;9.192613106279168e-06;5.016374780097976e-05
FMT_C;Capitan;test;SAE_D2_RVH_FMT_C;VH;0.2;0.3;75;votes;1.0;0.1;144;0;0;0.0;0.0;0.0;0;144;0.0;0.0;1.0;0.0;0.0
FMT_C;SEILS;test;SAE_D2_RVH_FMT_C;VH;0.2;0.3;75;votes;1.0;0.1;289;0;0;0.0;0.0;0.0;0;289;0.0;0.0;1.0;0.0;0.0
FMT_C;FMT_C;test;SAE_D2_RVH_FMT_C;VH;0.2;0.3;75;votes;1.0;0.1;311;0.033264033264033266;0.6352003372244678;0.047058823529411764;0.02572347266881029;8.0;162;303;0.02572347266881029;0.9529411764705882;0.9742765273311897;0.001353867002762854;0.0003905873163603246
FMT_C;FMT_C;val;SAE_D2_RVH_FMT_C;VH;0.2;0.4;75;votes;0.25;0.3;316;0.9459041731066462;0.790008393914057;0.9244712990936556;0.9683544303797469;306.0;25;10;0.9683544303797469;0.0755287009063444;0.03164556962025317;0.5195661187171936;0.2633291482925415
FMT_C;Capitan;test;SAE_D2_RVH_FMT_C;VH;0.2;0.4;75;votes;0.25;0.3;144;0.02395209580838323;0.5497470609183441;0.08695652173913043;0.013888888888888888;2.0;21;142;0.013888888888888888;0.9130434782608695;0.9861111111111112;0.003839869285002351;0.0007454863516613841
FMT_C;SEILS;test;SAE_D2_RVH_FMT_C;VH;0.2;0.4;75;votes;0.25;0.3;289;0.16464891041162227;0.6231465049695784;0.27419354838709675;0.11764705882352941;34.0;90;255;0.11764705882352941;0.7258064516129032;0.8823529411764706;0.06303226202726364;0.01585215888917446
FMT_C;FMT_C;test;SAE_D2_RVH_FMT_C;VH;0.2;0.4;75;votes;0.25;0.3;311;0.9347826086956522;0.7779146176547445;0.9039039039039038;0.9678456591639871;301.0;32;10;0.9678456591639871;0.0960960960960961;0.03215434083601286;0.9271786212921143;0.4759214520454407
FMT_C;FMT_C;val;SAE_D2_RVH_FMT_C;VH;0.2;0.4;75;votes;0.5;0.1;316;0.8016997167138811;0.762706730200069;0.7256410256410256;0.8955696202531646;283.0;107;33;0.8955696202531646;0.2743589743589744;0.10443037974683544;0.10796216875314713;0.05111048370599747
FMT_C;Capitan;test;SAE_D2_RVH_FMT_C;VH;0.2;0.4;75;votes;0.5;0.1;144;0;0;0.0;0.0;0.0;3;144;0.0;1.0;1.0;0.0;0.0
FMT_C;SEILS;test;SAE_D2_RVH_FMT_C;VH;0.2;0.4;75;votes;0.5;0.1;289;0.035398230088495575;0.5780598265867358;0.12;0.020761245674740483;6.0;44;283;0.020761245674740483;0.88;0.9792387543252595;0.007672186475247145;0.0018770627211779356
FMT_C;FMT_C;test;SAE_D2_RVH_FMT_C;VH;0.2;0.4;75;votes;0.5;0.1;311;0.8490284005979073;0.7523707022790042;0.7932960893854749;0.9131832797427653;284.0;74;27;0.9131832797427653;0.20670391061452514;0.08681672025723473;0.7560311555862427;0.34200039505958557
FMT_C;FMT_C;val;SAE_D2_RVH_FMT_C;VH;0.2;0.4;75;votes;0.75;0.1;316;0.17289719626168226;0.7488169700692028;0.13703703703703704;0.23417721518987342;74.0;466;242;0.23417721518987342;0.8629629629629629;0.7658227848101266;0.003424533177167177;0.001605834229849279
FMT_C;Capitan;test;SAE_D2_RVH_FMT_C;VH;0.2;0.4;75;votes;0.75;0.1;144;0;0;0.0;0.0;0.0;0;144;0.0;0.0;1.0;0.0;0.0
FMT_C;SEILS;test;SAE_D2_RVH_FMT_C;VH;0.2;0.4;75;votes;0.75;0.1;289;0;0;0.0;0.0;0.0;2;289;0.0;1.0;1.0;0.0;0.0
FMT_C;FMT_C;test;SAE_D2_RVH_FMT_C;VH;0.2;0.4;75;votes;0.75;0.1;311;0.15350877192982457;0.747355743910205;0.11647254575707154;0.22508038585209003;70.0;531;241;0.22508038585209003;0.8835274542429284;0.77491961414791;0.03340611606836319;0.012735528871417046
FMT_C;FMT_C;val;SAE_D2_RVH_FMT_C;VH;0.2;0.4;75;votes;1.0;0.9;316;0;0;0.0;0.0;0.0;0;316;0.0;0.0;1.0;0.0;0.0
FMT_C;Capitan;test;SAE_D2_RVH_FMT_C;VH;0.2;0.4;75;votes;1.0;0.9;144;0;0;0.0;0.0;0.0;0;144;0.0;0.0;1.0;0.0;0.0
FMT_C;SEILS;test;SAE_D2_RVH_FMT_C;VH;0.2;0.4;75;votes;1.0;0.9;289;0;0;0.0;0.0;0.0;0;289;0.0;0.0;1.0;0.0;0.0
FMT_C;FMT_C;test;SAE_D2_RVH_FMT_C;VH;0.2;0.4;75;votes;1.0;0.9;311;0;0;0.0;0.0;0.0;0;311;0.0;0.0;1.0;0.0;0.0
FMT_C;FMT_C;val;SAE_D2_RVH_FMT_C;VH;0.2;0.5;75;votes;0.25;0.1;316;0.6977950713359273;0.774348653759879;0.5912087912087912;0.8512658227848101;269.0;186;47;0.8512658227848101;0.4087912087912088;0.14873417721518986;0.1352723240852356;0.06520555913448334
FMT_C;Capitan;test;SAE_D2_RVH_FMT_C;VH;0.2;0.5;75;votes;0.25;0.1;144;0;0;0.0;0.0;0.0;13;144;0.0;1.0;1.0;0.0;0.0
FMT_C;SEILS;test;SAE_D2_RVH_FMT_C;VH;0.2;0.5;75;votes;0.25;0.1;289;0.041666666666666664;0.5858865624805346;0.14893617021276595;0.02422145328719723;7.0;40;282;0.02422145328719723;0.851063829787234;0.9757785467128027;0.005211781710386276;0.0012697698548436165
FMT_C;FMT_C;test;SAE_D2_RVH_FMT_C;VH;0.2;0.5;75;votes;0.25;0.1;311;0.7374149659863946;0.7676111108682236;0.6391509433962265;0.8713826366559485;271.0;153;40;0.8713826366559485;0.3608490566037736;0.12861736334405144;0.6914323568344116;0.3428876996040344
FMT_C;FMT_C;val;SAE_D2_RVH_FMT_C;VH;0.2;0.5;75;votes;0.5;0.1;316;0.14772727272727273;0.7798369222567385;0.13402061855670103;0.16455696202531644;52.0;336;264;0.16455696202531644;0.865979381443299;0.8354430379746836;0.003106457879766822;0.0017983068246394396
FMT_C;Capitan;test;SAE_D2_RVH_FMT_C;VH;0.2;0.5;75;votes;0.5;0.1;144;0;0;0.0;0.0;0.0;0;144;0.0;0.0;1.0;0.0;0.0
FMT_C;SEILS;test;SAE_D2_RVH_FMT_C;VH;0.2;0.5;75;votes;0.5;0.1;289;0;0;0.0;0.0;0.0;0;289;0.0;0.0;1.0;0.0;0.0
FMT_C;FMT_C;test;SAE_D2_RVH_FMT_C;VH;0.2;0.5;75;votes;0.5;0.1;311;0.13505747126436782;0.7522437276352584;0.12207792207792208;0.15112540192926044;47.0;338;264;0.15112540192926044;0.8779220779220779;0.8488745980707395;0.02204335853457451;0.009463313966989517
FMT_C;FMT_C;val;SAE_D2_RVH_FMT_C;VH;0.2;0.5;75;votes;0.75;0.9;316;0;0;0.0;0.0;0.0;0;316;0.0;0.0;1.0;0.0;0.0
FMT_C;Capitan;test;SAE_D2_RVH_FMT_C;VH;0.2;0.5;75;votes;0.75;0.9;144;0;0;0.0;0.0;0.0;0;144;0.0;0.0;1.0;0.0;0.0
FMT_C;SEILS;test;SAE_D2_RVH_FMT_C;VH;0.2;0.5;75;votes;0.75;0.9;289;0;0;0.0;0.0;0.0;0;289;0.0;0.0;1.0;0.0;0.0
FMT_C;FMT_C;test;SAE_D2_RVH_FMT_C;VH;0.2;0.5;75;votes;0.75;0.9;311;0;0;0.0;0.0;0.0;0;311;0.0;0.0;1.0;0.0;0.0
FMT_C;FMT_C;val;SAE_D2_RVH_FMT_C;VH;0.2;0.5;75;votes;1.0;0.9;316;0;0;0.0;0.0;0.0;0;316;0.0;0.0;1.0;0.0;0.0
FMT_C;Capitan;test;SAE_D2_RVH_FMT_C;VH;0.2;0.5;75;votes;1.0;0.9;144;0;0;0.0;0.0;0.0;0;144;0.0;0.0;1.0;0.0;0.0
FMT_C;SEILS;test;SAE_D2_RVH_FMT_C;VH;0.2;0.5;75;votes;1.0;0.9;289;0;0;0.0;0.0;0.0;0;289;0.0;0.0;1.0;0.0;0.0
FMT_C;FMT_C;test;SAE_D2_RVH_FMT_C;VH;0.2;0.5;75;votes;1.0;0.9;311;0;0;0.0;0.0;0.0;0;311;0.0;0.0;1.0;0.0;0.0
FMT_C;FMT_C;val;SAE_D2_RVH_FMT_C;VH;0.2;0.1;250;votes;0.25;0.6;316;0.9716088328075709;0.8150042240756008;0.9685534591194969;0.9746835443037974;308.0;10;8;0.9746835443037974;0.031446540880503145;0.02531645569620253;0.7635404467582703;0.3978269696235657
FMT_C;Capitan;test;SAE_D2_RVH_FMT_C;VH;0.2;0.1;250;votes;0.25;0.6;144;0.2077922077922078;0.6173563423083227;0.27586206896551724;0.16666666666666666;24.0;63;120;0.16666666666666666;0.7241379310344828;0.8333333333333334;0.05197007581591606;0.012927422299981117
FMT_C;SEILS;test;SAE_D2_RVH_FMT_C;VH;0.2;0.1;250;votes;0.25;0.6;289;0.5204755614266843;0.6920316845272347;0.42094017094017094;0.6816608996539792;197.0;271;92;0.6816608996539792;0.5790598290598291;0.31833910034602075;0.40015894174575806;0.13944877684116364
FMT_C;FMT_C;test;SAE_D2_RVH_FMT_C;VH;0.2;0.1;250;votes;0.25;0.6;311;0.9759229534510432;0.8091215526491135;0.9743589743589743;0.977491961414791;304.0;8;7;0.977491961414791;0.02564102564102564;0.022508038585209004;0.9685293436050415;0.5522972345352173
FMT_C;FMT_C;val;SAE_D2_RVH_FMT_C;VH;0.2;0.1;250;votes;0.5;0.55;316;0.9761526232114468;0.8183257756960418;0.9808306709265175;0.9715189873417721;307.0;6;9;0.9715189873417721;0.019169329073482427;0.028481012658227847;0.7882760167121887;0.41793161630630493
FMT_C;Capitan;test;SAE_D2_RVH_FMT_C;VH;0.2;0.1;250;votes;0.5;0.55;144;0.11594202898550725;0.578604054805978;0.19047619047619047;0.08333333333333333;12.0;51;132;0.08333333333333333;0.8095238095238095;0.9166666666666666;0.024785803630948067;0.004235783126205206
FMT_C;SEILS;test;SAE_D2_RVH_FMT_C;VH;0.2;0.1;250;votes;0.5;0.55;289;0.47140864714086467;0.6862678961974498;0.39485981308411217;0.5847750865051903;169.0;259;120;0.5847750865051903;0.6051401869158879;0.41522491349480967;0.33019861578941345;0.11298278719186783
FMT_C;FMT_C;test;SAE_D2_RVH_FMT_C;VH;0.2;0.1;250;votes;0.5;0.55;311;0.9759229534510432;0.8111615355890625;0.9743589743589743;0.977491961414791;304.0;8;7;0.977491961414791;0.02564102564102564;0.022508038585209004;0.968480110168457;0.5588160157203674
FMT_C;FMT_C;val;SAE_D2_RVH_FMT_C;VH;0.2;0.1;250;votes;0.75;0.5;316;0.9730586370839936;0.8201591434039317;0.9746031746031746;0.9715189873417721;307.0;8;9;0.9715189873417721;0.025396825396825397;0.028481012658227847;0.7730705738067627;0.40832406282424927
FMT_C;Capitan;test;SAE_D2_RVH_FMT_C;VH;0.2;0.1;250;votes;0.75;0.5;144;0.021621621621621623;0.6097886710905174;0.04878048780487805;0.013888888888888888;2.0;39;142;0.013888888888888888;0.9512195121951219;0.9861111111111112;0.0011574074160307646;0.0003712871402967721
FMT_C;SEILS;test;SAE_D2_RVH_FMT_C;VH;0.2;0.1;250;votes;0.75;0.5;289;0.33178294573643413;0.6555376175064096;0.300561797752809;0.370242214532872;107.0;249;182;0.370242214532872;0.699438202247191;0.629757785467128;0.19376643002033234;0.053703486919403076
FMT_C;FMT_C;test;SAE_D2_RVH_FMT_C;VH;0.2;0.1;250;votes;0.75;0.5;311;0.9696000000000001;0.8087749654973068;0.964968152866242;0.9742765273311897;303.0;11;8;0.9742765273311897;0.03503184713375796;0.02572347266881029;0.9629290699958801;0.5433497428894043
FMT_C;FMT_C;val;SAE_D2_RVH_FMT_C;VH;0.2;0.1;250;votes;1.0;0.1;316;0.6;0.7365470580364358;0.5838323353293413;0.6170886075949367;195.0;139;121;0.6170886075949367;0.4161676646706587;0.3829113924050633;0.09777361899614334;0.04308117926120758
FMT_C;Capitan;test;SAE_D2_RVH_FMT_C;VH;0.2;0.1;250;votes;1.0;0.1;144;0;0;0.0;0.0;0.0;5;144;0.0;1.0;1.0;0.0;0.0
FMT_C;SEILS;test;SAE_D2_RVH_FMT_C;VH;0.2;0.1;250;votes;1.0;0.1;289;0.12705882352941175;0.612446200609333;0.19852941176470587;0.09342560553633218;27.0;109;262;0.09342560553633218;0.8014705882352942;0.9065743944636678;0.032291244715452194;0.00797172449529171
FMT_C;FMT_C;test;SAE_D2_RVH_FMT_C;VH;0.2;0.1;250;votes;1.0;0.1;311;0.6295081967213115;0.7491774554112389;0.6421404682274248;0.617363344051447;192.0;107;119;0.617363344051447;0.35785953177257523;0.38263665594855306;0.4484606981277466;0.20123517513275146
FMT_C;FMT_C;val;SAE_D2_RVH_FMT_C;VH;0.2;0.2;250;votes;0.25;0.55;316;0.9716088328075709;0.8073498086276193;0.9685534591194969;0.9746835443037974;308.0;10;8;0.9746835443037974;0.031446540880503145;0.02531645569620253;0.7628657221794128;0.3934323489665985
FMT_C;Capitan;test;SAE_D2_RVH_FMT_C;VH;0.2;0.2;250;votes;0.25;0.55;144;0.1459227467811159;0.5954661534921643;0.19101123595505617;0.11805555555555555;17.0;72;127;0.11805555555555555;0.8089887640449438;0.8819444444444444;0.029856465756893158;0.005891432985663414
FMT_C;SEILS;test;SAE_D2_RVH_FMT_C;VH;0.2;0.2;250;votes;0.25;0.55;289;0.4539385847797063;0.68533845301667;0.3695652173913043;0.5882352941176471;170.0;290;119;0.5882352941176471;0.6304347826086957;0.4117647058823529;0.3227701783180237;0.10933400690555573
FMT_C;FMT_C;test;SAE_D2_RVH_FMT_C;VH;0.2;0.2;250;votes;0.25;0.55;311;0.9807692307692308;0.7995398285729628;0.9776357827476039;0.9839228295819936;306.0;7;5;0.9839228295819936;0.022364217252396165;0.01607717041800643;0.9697742462158203;0.5410667657852173
FMT_C;FMT_C;val;SAE_D2_RVH_FMT_C;VH;0.2;0.2;250;votes;0.5;0.45;316;0.9746031746031746;0.8101319587570011;0.9777070063694268;0.9715189873417721;307.0;7;9;0.9715189873417721;0.022292993630573247;0.028481012658227847;0.7600013017654419;0.39697447419166565
FMT_C;Capitan;test;SAE_D2_RVH_FMT_C;VH;0.2;0.2;250;votes;0.5;0.45;144;0.021621621621621623;0.5966645203433535;0.04878048780487805;0.013888888888888888;2.0;39;142;0.013888888888888888;0.9512195121951219;0.9861111111111112;0.0009920635493472219;0.00031824613688513637
FMT_C;SEILS;test;SAE_D2_RVH_FMT_C;VH;0.2;0.2;250;votes;0.5;0.45;289;0.29037520391517135;0.6460671727901423;0.27469135802469136;0.3079584775086505;89.0;235;200;0.3079584775086505;0.7253086419753086;0.6920415224913494;0.14509190618991852;0.04143281653523445
FMT_C;FMT_C;test;SAE_D2_RVH_FMT_C;VH;0.2;0.2;250;votes;0.5;0.45;311;0.9823434991974318;0.8003167343102265;0.9807692307692307;0.9839228295819936;306.0;6;5;0.9839228295819936;0.019230769230769232;0.01607717041800643;0.9764926433563232;0.5491060018539429
FMT_C;FMT_C;val;SAE_D2_RVH_FMT_C;VH;0.2;0.2;250;votes;0.75;0.35;316;0.9606299212598425;0.8073409951877768;0.9561128526645768;0.9651898734177216;305.0;14;11;0.9651898734177216;0.0438871473354232;0.03481012658227848;0.5077059864997864;0.25623518228530884
FMT_C;Capitan;test;SAE_D2_RVH_FMT_C;VH;0.2;0.2;250;votes;0.75;0.35;144;0;0;0.0;0.0;0.0;16;144;0.0;1.0;1.0;0.0;0.0
FMT_C;SEILS;test;SAE_D2_RVH_FMT_C;VH;0.2;0.2;250;votes;0.75;0.35;289;0.1737193763919822;0.5968524578751939;0.24375;0.13494809688581316;39.0;121;250;0.13494809688581316;0.75625;0.8650519031141869;0.06676806509494781;0.01327554602175951
FMT_C;FMT_C;test;SAE_D2_RVH_FMT_C;VH;0.2;0.2;250;votes;0.75;0.35;311;0.9526813880126183;0.7908019250641519;0.934984520123839;0.9710610932475884;302.0;21;9;0.9710610932475884;0.06501547987616099;0.028938906752411574;0.9364060759544373;0.5046871304512024
FMT_C;FMT_C;val;SAE_D2_RVH_FMT_C;VH;0.2;0.2;250;votes;1.0;0.1;316;0.0840764331210191;0.6930561445757214;0.07036247334754797;0.10443037974683544;33.0;436;283;0.10443037974683544;0.929637526652452;0.8955696202531646;0.0007321095326915383;0.00026778486790135503
FMT_C;Capitan;test;SAE_D2_RVH_FMT_C;VH;0.2;0.2;250;votes;1.0;0.1;144;0;0;0.0;0.0;0.0;0;144;0.0;0.0;1.0;0.0;0.0
FMT_C;SEILS;test;SAE_D2_RVH_FMT_C;VH;0.2;0.2;250;votes;1.0;0.1;289;0;0;0.0;0.0;0.0;17;289;0.0;1.0;1.0;0.0;0.0
FMT_C;FMT_C;test;SAE_D2_RVH_FMT_C;VH;0.2;0.2;250;votes;1.0;0.1;311;0.16939890710382513;0.7334356361980704;0.14726840855106887;0.19935691318327975;62.0;359;249;0.19935691318327975;0.8527315914489311;0.8006430868167203;0.030848948284983635;0.012903797440230846
