Source;Target;Partition;model;Resize;dropoutTrain;dropoutVal;Repetitions;Combination;VoteTH;BinTH;TotalGTBoxes;F1;IoU;Prec;Recall;TP;FP;FN;TP-norm;FP-norm;FN-norm;mAP;COCO
Capitan;Capitan;val;SAE_D0_Capitan;;0;0;1;;0.5;0.65;121;0.975609756097561;0.8737265837668272;0.96;0.9917355371900827;120.0;5;1;0.9917355371900827;0.04;0.008264462809917356;0.8560280799865723;0.5877065062522888
Capitan;Capitan;test;SAE_D0_Capitan;;0;0;1;;0.5;0.65;144;0.8807339449541284;0.8707861309174263;0.7868852459016393;1.0;144.0;39;0;1.0;0.21311475409836064;0.0;0.9896546602249146;0.743061900138855
Capitan;SEILS;test;SAE_D0_Capitan;;0;0;1;;0.5;0.65;289;0.0909090909090909;0.6297737027023376;0.06614173228346457;0.1453287197231834;42.0;593;247;0.1453287197231834;0.9338582677165355;0.8546712802768166;0.01631462760269642;0.003525089006870985
Capitan;FMT_C;test;SAE_D0_Capitan;;0;0;1;;0.5;0.65;311;0;0;0.0;0.0;0.0;3;311;0.0;1.0;1.0;0.0;0.0
SEILS;SEILS;val;SAE_D0_SEILS;;0;0;1;;0.5;0.8;290;0.9233511586452764;0.8774744737950259;0.955719557195572;0.8931034482758621;259.0;12;31;0.8931034482758621;0.04428044280442804;0.10689655172413794;0.38584649562835693;0.2648713290691376
SEILS;Capitan;test;SAE_D0_SEILS;;0;0;1;;0.5;0.8;144;0;0;0.0;0.0;0.0;11;144;0.0;1.0;1.0;0.0;0.0
SEILS;SEILS;test;SAE_D0_SEILS;;0;0;1;;0.5;0.8;289;0.9392857142857142;0.8888300918090212;0.9704797047970479;0.9100346020761245;263.0;8;26;0.9100346020761245;0.02952029520295203;0.08996539792387544;0.892833411693573;0.6689413189888
SEILS;FMT_C;test;SAE_D0_SEILS;;0;0;1;;0.5;0.8;311;0;0;0.0;0.0;0.0;0;311;0.0;0.0;1.0;0.0;0.0
FMT_C;FMT_C;val;SAE_D0_FMT_C;;0;0;1;;0.5;0.75;316;0.9712460063897763;0.8326481447038921;0.9806451612903225;0.9620253164556962;304.0;6;12;0.9620253164556962;0.01935483870967742;0.0379746835443038;0.5170645713806152;0.2912849187850952
FMT_C;Capitan;test;SAE_D0_FMT_C;;0;0;1;;0.5;0.75;144;0.01840490797546012;0.5848343712061176;0.016483516483516484;0.020833333333333332;3.0;179;141;0.020833333333333332;0.9835164835164835;0.9791666666666666;0.0006107891094870865;0.00019013494602404535
FMT_C;SEILS;test;SAE_D0_FMT_C;;0;0;1;;0.5;0.75;289;0.05693950177935944;0.5940504845451555;0.03832335329341317;0.11072664359861592;32.0;803;257;0.11072664359861592;0.9616766467065868;0.889273356401384;0.0065712397918105125;0.0011185200419276953
FMT_C;FMT_C;test;SAE_D0_FMT_C;;0;0;1;;0.5;0.75;311;0.9615384615384616;0.8180584614583701;0.9584664536741214;0.9646302250803859;300.0;13;11;0.9646302250803859;0.04153354632587859;0.03536977491961415;0.9642795920372009;0.5272279977798462
Capitan;Capitan;val;SAE_D0_RH_Capitan;H;0;0;1;;0.5;0.7;121;0.9836065573770492;0.8821960513934914;0.975609756097561;0.9917355371900827;120.0;3;1;0.9917355371900827;0.024390243902439025;0.008264462809917356;0.9700731039047241;0.6758583188056946
Capitan;Capitan;test;SAE_D0_RH_Capitan;H;0;0;1;;0.5;0.7;144;0.9664429530201343;0.887262207579702;0.935064935064935;1.0;144.0;10;0;1.0;0.06493506493506493;0.0;0.9916905760765076;0.7808341979980469
Capitan;SEILS;test;SAE_D0_RH_Capitan;H;0;0;1;;0.5;0.7;289;0.2303839732888147;0.7361524080347969;0.22258064516129034;0.23875432525951557;69.0;241;220;0.23875432525951557;0.7774193548387097;0.7612456747404844;0.0812145248055458;0.03172594681382179
Capitan;FMT_C;test;SAE_D0_RH_Capitan;H;0;0;1;;0.5;0.7;311;0;0;0.0;0.0;0.0;0;311;0.0;0.0;1.0;0.0;0.0
SEILS;SEILS;val;SAE_D0_RH_SEILS;H;0;0;1;;0.5;0.75;290;0.9178082191780822;0.8750642404796957;0.9115646258503401;0.9241379310344827;268.0;26;22;0.9241379310344827;0.08843537414965986;0.07586206896551724;0.38765397667884827;0.26336008310317993
SEILS;Capitan;test;SAE_D0_RH_SEILS;H;0;0;1;;0.5;0.75;144;0.011235955056179775;0.563386524822695;0.029411764705882353;0.006944444444444444;1.0;33;143;0.006944444444444444;0.9705882352941176;0.9930555555555556;0.0016396604478359222;0.0003575357550289482
SEILS;SEILS;test;SAE_D0_RH_SEILS;H;0;0;1;;0.5;0.75;289;0.915371329879102;0.8814947513430194;0.9137931034482759;0.916955017301038;265.0;25;24;0.916955017301038;0.08620689655172414;0.08304498269896193;0.8438945412635803;0.6189958453178406
SEILS;FMT_C;test;SAE_D0_RH_SEILS;H;0;0;1;;0.5;0.75;311;0;0;0.0;0.0;0.0;0;311;0.0;0.0;1.0;0.0;0.0
FMT_C;FMT_C;val;SAE_D0_RH_FMT_C;H;0;0;1;;0.5;0.7;316;0.961904761904762;0.8298115867383493;0.964968152866242;0.9588607594936709;303.0;11;13;0.9588607594936709;0.03503184713375796;0.04113924050632911;0.61275714635849;0.3482617437839508
FMT_C;Capitan;test;SAE_D0_RH_FMT_C;H;0;0;1;;0.5;0.7;144;0.02521008403361344;0.5098231243096385;0.031914893617021274;0.020833333333333332;3.0;91;141;0.020833333333333332;0.9680851063829787;0.9791666666666666;0.000982100609689951;0.00014002226816955954
FMT_C;SEILS;test;SAE_D0_RH_FMT_C;H;0;0;1;;0.5;0.7;289;0.008771929824561405;0.6209496697546748;0.011976047904191617;0.006920415224913495;2.0;165;287;0.006920415224913495;0.9880239520958084;0.9930795847750865;0.00018211618589702994;7.816570723662153e-05
FMT_C;FMT_C;test;SAE_D0_RH_FMT_C;H;0;0;1;;0.5;0.7;311;0.9485530546623794;0.8183075639999956;0.9485530546623794;0.9485530546623794;295.0;16;16;0.9485530546623794;0.05144694533762058;0.05144694533762058;0.9222060441970825;0.5105533599853516
Capitan;Capitan;val;SAE_D0_RV_Capitan;V;0;0;1;;0.5;0.75;121;0.9677419354838711;0.8786402656574026;0.9448818897637795;0.9917355371900827;120.0;7;1;0.9917355371900827;0.05511811023622047;0.008264462809917356;0.9212238788604736;0.6070817708969116
Capitan;Capitan;test;SAE_D0_RV_Capitan;V;0;0;1;;0.5;0.75;144;0.8194842406876791;0.8800180004502578;0.697560975609756;0.9930555555555556;143.0;62;1;0.9930555555555556;0.3024390243902439;0.006944444444444444;0.9015991687774658;0.6855087876319885
Capitan;SEILS;test;SAE_D0_RV_Capitan;V;0;0;1;;0.5;0.75;289;0.22489082969432314;0.7380188565438958;0.16427432216905902;0.356401384083045;103.0;524;186;0.356401384083045;0.835725677830941;0.643598615916955;0.06178024411201477;0.025107577443122864
Capitan;FMT_C;test;SAE_D0_RV_Capitan;V;0;0;1;;0.5;0.75;311;0;0;0.0;0.0;0.0;1;311;0.0;1.0;1.0;0.0;0.0
SEILS;SEILS;val;SAE_D0_RV_SEILS;V;0;0;1;;0.5;0.8;290;0.9411764705882353;0.8786473305534621;0.974169741697417;0.9103448275862069;264.0;7;26;0.9103448275862069;0.025830258302583026;0.0896551724137931;0.827318549156189;0.5329159498214722
SEILS;Capitan;test;SAE_D0_RV_SEILS;V;0;0;1;;0.5;0.8;144;0.020100502512562814;0.6050263649531945;0.03636363636363636;0.013888888888888888;2.0;53;142;0.013888888888888888;0.9636363636363636;0.9861111111111112;0.0012626262614503503;0.00045433113700710237
SEILS;SEILS;test;SAE_D0_RV_SEILS;V;0;0;1;;0.5;0.8;289;0.9373881932021466;0.8868555569262947;0.9703703703703703;0.9065743944636678;262.0;8;27;0.9065743944636678;0.02962962962962963;0.09342560553633218;0.8893527388572693;0.6660243272781372
SEILS;FMT_C;test;SAE_D0_RV_SEILS;V;0;0;1;;0.5;0.8;311;0;0;0.0;0.0;0.0;0;311;0.0;0.0;1.0;0.0;0.0
FMT_C;FMT_C;val;SAE_D0_RV_FMT_C;V;0;0;1;;0.5;0.7;316;0.9602543720190779;0.8126439136665716;0.9648562300319489;0.9556962025316456;302.0;11;14;0.9556962025316456;0.03514376996805112;0.04430379746835443;0.6562433242797852;0.325297474861145
FMT_C;Capitan;test;SAE_D0_RV_FMT_C;V;0;0;1;;0.5;0.7;144;0.024291497975708502;0.5685982390417755;0.02912621359223301;0.020833333333333332;3.0;100;141;0.020833333333333332;0.970873786407767;0.9791666666666666;0.0021970500238239765;0.0004202804993838072
FMT_C;SEILS;test;SAE_D0_RV_FMT_C;V;0;0;1;;0.5;0.7;289;0.08010335917312662;0.7079701890129975;0.06391752577319587;0.10726643598615918;31.0;454;258;0.10726643598615918;0.9360824742268041;0.8927335640138409;0.016943538561463356;0.006410451140254736
FMT_C;FMT_C;test;SAE_D0_RV_FMT_C;V;0;0;1;;0.5;0.7;311;0.9615384615384616;0.809807215803434;0.9584664536741214;0.9646302250803859;300.0;13;11;0.9646302250803859;0.04153354632587859;0.03536977491961415;0.9446064829826355;0.5344823598861694
Capitan;Capitan;val;SAE_D0_RVH_Capitan;VH;0;0;1;;0.5;0.65;121;0.979591836734694;0.8788180194469121;0.967741935483871;0.9917355371900827;120.0;4;1;0.9917355371900827;0.03225806451612903;0.008264462809917356;0.9705905914306641;0.638384222984314
Capitan;Capitan;test;SAE_D0_RVH_Capitan;VH;0;0;1;;0.5;0.65;144;0.9470198675496688;0.8749328028668382;0.9050632911392406;0.9930555555555556;143.0;15;1;0.9930555555555556;0.0949367088607595;0.006944444444444444;0.9798714518547058;0.7422403693199158
Capitan;SEILS;test;SAE_D0_RVH_Capitan;VH;0;0;1;;0.5;0.65;289;0.08121827411167512;0.6584054878416188;0.06412825651302605;0.11072664359861592;32.0;467;257;0.11072664359861592;0.935871743486974;0.889273356401384;0.0097535764798522;0.002615158213302493
Capitan;FMT_C;test;SAE_D0_RVH_Capitan;VH;0;0;1;;0.5;0.65;311;0;0;0.0;0.0;0.0;0;311;0.0;0.0;1.0;0.0;0.0
SEILS;SEILS;val;SAE_D0_RVH_SEILS;VH;0;0;1;;0.5;0.55;290;0.9376114081996435;0.8690635521196762;0.9704797047970479;0.906896551724138;263.0;8;27;0.906896551724138;0.02952029520295203;0.09310344827586207;0.8217941522598267;0.541198194026947
SEILS;Capitan;test;SAE_D0_RVH_SEILS;VH;0;0;1;;0.5;0.55;144;0;0;0.0;0.0;0.0;18;144;0.0;1.0;1.0;0.0;0.0
SEILS;SEILS;test;SAE_D0_RVH_SEILS;VH;0;0;1;;0.5;0.55;289;0.9373881932021466;0.8773508480383971;0.9703703703703703;0.9065743944636678;262.0;8;27;0.9065743944636678;0.02962962962962963;0.09342560553633218;0.8828689455986023;0.6542710065841675
SEILS;FMT_C;test;SAE_D0_RVH_SEILS;VH;0;0;1;;0.5;0.55;311;0;0;0.0;0.0;0.0;0;311;0.0;0.0;1.0;0.0;0.0
FMT_C;FMT_C;val;SAE_D0_RVH_FMT_C;VH;0;0;1;;0.5;0.65;316;0.9715189873417721;0.8183882109001269;0.9715189873417721;0.9715189873417721;307.0;9;9;0.9715189873417721;0.028481012658227847;0.028481012658227847;0.7188936471939087;0.3763446807861328
FMT_C;Capitan;test;SAE_D0_RVH_FMT_C;VH;0;0;1;;0.5;0.65;144;0.015748031496062992;0.6358605515315817;0.01818181818181818;0.013888888888888888;2.0;108;142;0.013888888888888888;0.9818181818181818;0.9861111111111112;0.00025484198704361916;7.30042447685264e-05
FMT_C;SEILS;test;SAE_D0_RVH_FMT_C;VH;0;0;1;;0.5;0.65;289;0;0;0.0;0.0;0.0;78;289;0.0;1.0;1.0;0.0;0.0
FMT_C;FMT_C;test;SAE_D0_RVH_FMT_C;VH;0;0;1;;0.5;0.65;311;0.9569377990430622;0.8110445115922335;0.9493670886075949;0.9646302250803859;300.0;16;11;0.9646302250803859;0.05063291139240506;0.03536977491961415;0.9476838707923889;0.533124566078186
