Source;Target;Partition;model;Resize;dropoutTrain;dropoutVal;Repetitions;Combination;VoteTH;BinTH;TotalGTBoxes;F1;IoU;Prec;Recall;TP;FP;FN;TP-norm;FP-norm;FN-norm;mAP;COCO
FMT_C;FMT_C;val;SAE_D2_RVH_FMT_C;VH;0.2;0.2;250;votes;0.25;0.55;316;0.9716088328075709;0.8073498086276193;0.9685534591194969;0.9746835443037974;308.0;10;8;0.9746835443037974;0.031446540880503145;0.02531645569620253;0.7628657221794128;0.3934323489665985
FMT_C;Capitan;test;SAE_D2_RVH_FMT_C;VH;0.2;0.2;250;votes;0.25;0.55;144;0.1459227467811159;0.5954661534921643;0.19101123595505617;0.11805555555555555;17.0;72;127;0.11805555555555555;0.8089887640449438;0.8819444444444444;0.029856465756893158;0.005891432985663414
FMT_C;SEILS;test;SAE_D2_RVH_FMT_C;VH;0.2;0.2;250;votes;0.25;0.55;289;0.4539385847797063;0.68533845301667;0.3695652173913043;0.5882352941176471;170.0;290;119;0.5882352941176471;0.6304347826086957;0.4117647058823529;0.3227701783180237;0.10933400690555573
FMT_C;FMT_C;test;SAE_D2_RVH_FMT_C;VH;0.2;0.2;250;votes;0.25;0.55;311;0.9807692307692308;0.7995398285729628;0.9776357827476039;0.9839228295819936;306.0;7;5;0.9839228295819936;0.022364217252396165;0.01607717041800643;0.9697742462158203;0.5410667657852173
FMT_C;FMT_C;val;SAE_D2_RVH_FMT_C;VH;0.2;0.2;250;votes;0.5;0.45;316;0.9746031746031746;0.8101319587570011;0.9777070063694268;0.9715189873417721;307.0;7;9;0.9715189873417721;0.022292993630573247;0.028481012658227847;0.7600013017654419;0.39697447419166565
FMT_C;Capitan;test;SAE_D2_RVH_FMT_C;VH;0.2;0.2;250;votes;0.5;0.45;144;0.021621621621621623;0.5966645203433535;0.04878048780487805;0.013888888888888888;2.0;39;142;0.013888888888888888;0.9512195121951219;0.9861111111111112;0.0009920635493472219;0.00031824613688513637
FMT_C;SEILS;test;SAE_D2_RVH_FMT_C;VH;0.2;0.2;250;votes;0.5;0.45;289;0.29037520391517135;0.6460671727901423;0.27469135802469136;0.3079584775086505;89.0;235;200;0.3079584775086505;0.7253086419753086;0.6920415224913494;0.14509190618991852;0.04143281653523445
FMT_C;FMT_C;test;SAE_D2_RVH_FMT_C;VH;0.2;0.2;250;votes;0.5;0.45;311;0.9823434991974318;0.8003167343102265;0.9807692307692307;0.9839228295819936;306.0;6;5;0.9839228295819936;0.019230769230769232;0.01607717041800643;0.9764926433563232;0.5491060018539429
FMT_C;FMT_C;val;SAE_D2_RVH_FMT_C;VH;0.2;0.2;250;votes;0.75;0.35;316;0.9606299212598425;0.8073409951877768;0.9561128526645768;0.9651898734177216;305.0;14;11;0.9651898734177216;0.0438871473354232;0.03481012658227848;0.5077059864997864;0.25623518228530884
FMT_C;Capitan;test;SAE_D2_RVH_FMT_C;VH;0.2;0.2;250;votes;0.75;0.35;144;0;0;0.0;0.0;0.0;16;144;0.0;1.0;1.0;0.0;0.0
FMT_C;SEILS;test;SAE_D2_RVH_FMT_C;VH;0.2;0.2;250;votes;0.75;0.35;289;0.1737193763919822;0.5968524578751939;0.24375;0.13494809688581316;39.0;121;250;0.13494809688581316;0.75625;0.8650519031141869;0.06676806509494781;0.01327554602175951
FMT_C;FMT_C;test;SAE_D2_RVH_FMT_C;VH;0.2;0.2;250;votes;0.75;0.35;311;0.9526813880126183;0.7908019250641519;0.934984520123839;0.9710610932475884;302.0;21;9;0.9710610932475884;0.06501547987616099;0.028938906752411574;0.9364060759544373;0.5046871304512024
FMT_C;FMT_C;val;SAE_D2_RVH_FMT_C;VH;0.2;0.2;250;votes;1.0;0.1;316;0.0840764331210191;0.6930561445757214;0.07036247334754797;0.10443037974683544;33.0;436;283;0.10443037974683544;0.929637526652452;0.8955696202531646;0.0007321095326915383;0.00026778486790135503
FMT_C;Capitan;test;SAE_D2_RVH_FMT_C;VH;0.2;0.2;250;votes;1.0;0.1;144;0;0;0.0;0.0;0.0;0;144;0.0;0.0;1.0;0.0;0.0
FMT_C;SEILS;test;SAE_D2_RVH_FMT_C;VH;0.2;0.2;250;votes;1.0;0.1;289;0;0;0.0;0.0;0.0;17;289;0.0;1.0;1.0;0.0;0.0
FMT_C;FMT_C;test;SAE_D2_RVH_FMT_C;VH;0.2;0.2;250;votes;1.0;0.1;311;0.16939890710382513;0.7334356361980704;0.14726840855106887;0.19935691318327975;62.0;359;249;0.19935691318327975;0.8527315914489311;0.8006430868167203;0.030848948284983635;0.012903797440230846
FMT_C;FMT_C;val;SAE_D2_RVH_FMT_C;VH;0.2;0.3;250;votes;0.25;0.6;316;0.966824644549763;0.8251650408950933;0.9652996845425867;0.9683544303797469;306.0;11;10;0.9683544303797469;0.03470031545741325;0.03164556962025317;0.7479189038276672;0.38239723443984985
FMT_C;Capitan;test;SAE_D2_RVH_FMT_C;VH;0.2;0.3;250;votes;0.25;0.6;144;0.02222222222222222;0.570872001784736;0.05555555555555555;0.013888888888888888;2.0;34;142;0.013888888888888888;0.9444444444444444;0.9861111111111112;0.0010683761211112142;0.0003046458587050438
FMT_C;SEILS;test;SAE_D2_RVH_FMT_C;VH;0.2;0.3;250;votes;0.25;0.6;289;0.1859582542694497;0.6076720286028846;0.20588235294117646;0.1695501730103806;49.0;189;240;0.1695501730103806;0.7941176470588235;0.8304498269896193;0.08256203681230545;0.01814997009932995
FMT_C;FMT_C;test;SAE_D2_RVH_FMT_C;VH;0.2;0.3;250;votes;0.25;0.6;311;0.9696000000000001;0.808139995129187;0.964968152866242;0.9742765273311897;303.0;11;8;0.9742765273311897;0.03503184713375796;0.02572347266881029;0.9623515009880066;0.5346846580505371
FMT_C;FMT_C;val;SAE_D2_RVH_FMT_C;VH;0.2;0.3;250;votes;0.5;0.3;316;0.9669291338582676;0.7936441241730087;0.9623824451410659;0.9715189873417721;307.0;12;9;0.9715189873417721;0.03761755485893417;0.028481012658227847;0.5005325078964233;0.25302737951278687
FMT_C;Capitan;test;SAE_D2_RVH_FMT_C;VH;0.2;0.3;250;votes;0.5;0.3;144;0;0;0.0;0.0;0.0;15;144;0.0;1.0;1.0;0.0;0.0
FMT_C;SEILS;test;SAE_D2_RVH_FMT_C;VH;0.2;0.3;250;votes;0.5;0.3;289;0.13170731707317074;0.602406850954425;0.2231404958677686;0.09342560553633218;27.0;94;262;0.09342560553633218;0.7768595041322314;0.9065743944636678;0.04929931089282036;0.009279252961277962
FMT_C;FMT_C;test;SAE_D2_RVH_FMT_C;VH;0.2;0.3;250;votes;0.5;0.3;311;0.9573459715639812;0.7876629029318591;0.9409937888198758;0.9742765273311897;303.0;19;8;0.9742765273311897;0.059006211180124224;0.02572347266881029;0.9375248551368713;0.5017295479774475
FMT_C;FMT_C;val;SAE_D2_RVH_FMT_C;VH;0.2;0.3;250;votes;0.75;0.15;316;0.8149210903873745;0.7696638048519092;0.7454068241469817;0.8987341772151899;284.0;97;32;0.8987341772151899;0.2545931758530184;0.10126582278481013;0.11631031334400177;0.05522950738668442
FMT_C;Capitan;test;SAE_D2_RVH_FMT_C;VH;0.2;0.3;250;votes;0.75;0.15;144;0;0;0.0;0.0;0.0;4;144;0.0;1.0;1.0;0.0;0.0
FMT_C;SEILS;test;SAE_D2_RVH_FMT_C;VH;0.2;0.3;250;votes;0.75;0.15;289;0.02865329512893983;0.6078931242605663;0.08333333333333333;0.01730103806228374;5.0;55;284;0.01730103806228374;0.9166666666666666;0.9826989619377162;0.003089471021667123;0.0007779349107295275
FMT_C;FMT_C;test;SAE_D2_RVH_FMT_C;VH;0.2;0.3;250;votes;0.75;0.15;311;0.7890961262553802;0.773127987929593;0.7124352331606217;0.8842443729903537;275.0;111;36;0.8842443729903537;0.28756476683937826;0.1157556270096463;0.6927370429039001;0.3392443060874939
FMT_C;FMT_C;val;SAE_D2_RVH_FMT_C;VH;0.2;0.3;250;votes;1.0;0.9;316;0;0;0.0;0.0;0.0;0;316;0.0;0.0;1.0;0.0;0.0
FMT_C;Capitan;test;SAE_D2_RVH_FMT_C;VH;0.2;0.3;250;votes;1.0;0.9;144;0;0;0.0;0.0;0.0;0;144;0.0;0.0;1.0;0.0;0.0
FMT_C;SEILS;test;SAE_D2_RVH_FMT_C;VH;0.2;0.3;250;votes;1.0;0.9;289;0;0;0.0;0.0;0.0;0;289;0.0;0.0;1.0;0.0;0.0
FMT_C;FMT_C;test;SAE_D2_RVH_FMT_C;VH;0.2;0.3;250;votes;1.0;0.9;311;0;0;0.0;0.0;0.0;0;311;0.0;0.0;1.0;0.0;0.0
FMT_C;FMT_C;val;SAE_D2_RVH_FMT_C;VH;0.2;0.4;250;votes;0.25;0.3;316;0.9459041731066462;0.7892099574637916;0.9244712990936556;0.9683544303797469;306.0;25;10;0.9683544303797469;0.0755287009063444;0.03164556962025317;0.5530962944030762;0.28004470467567444
FMT_C;Capitan;test;SAE_D2_RVH_FMT_C;VH;0.2;0.4;250;votes;0.25;0.3;144;0.012738853503184714;0.5253083794130158;0.07692307692307693;0.006944444444444444;1.0;12;143;0.006944444444444444;0.9230769230769231;0.9930555555555556;0.0006944444612599909;9.900990698952228e-05
FMT_C;SEILS;test;SAE_D2_RVH_FMT_C;VH;0.2;0.4;250;votes;0.25;0.3;289;0.09571788413098235;0.6187102171243822;0.17592592592592593;0.0657439446366782;19.0;89;270;0.0657439446366782;0.8240740740740741;0.9342560553633218;0.025052454322576523;0.005535856820642948
FMT_C;FMT_C;test;SAE_D2_RVH_FMT_C;VH;0.2;0.4;250;votes;0.25;0.3;311;0.946875;0.7780058120764212;0.9209726443768997;0.9742765273311897;303.0;26;8;0.9742765273311897;0.0790273556231003;0.02572347266881029;0.9467424154281616;0.48264139890670776
FMT_C;FMT_C;val;SAE_D2_RVH_FMT_C;VH;0.2;0.4;250;votes;0.5;0.1;316;0.8225108225108226;0.7627247648560618;0.7559681697612732;0.9018987341772152;285.0;92;31;0.9018987341772152;0.2440318302387268;0.0981012658227848;0.11775241047143936;0.05756184458732605
FMT_C;Capitan;test;SAE_D2_RVH_FMT_C;VH;0.2;0.4;250;votes;0.5;0.1;144;0;0;0.0;0.0;0.0;4;144;0.0;1.0;1.0;0.0;0.0
FMT_C;SEILS;test;SAE_D2_RVH_FMT_C;VH;0.2;0.4;250;votes;0.5;0.1;289;0.01801801801801802;0.5996113131627849;0.06818181818181818;0.010380622837370242;3.0;41;286;0.010380622837370242;0.9318181818181818;0.9896193771626297;0.0016339869471266866;0.0007884121732786298
FMT_C;FMT_C;test;SAE_D2_RVH_FMT_C;VH;0.2;0.4;250;votes;0.5;0.1;311;0.8126801152737751;0.7672684248060625;0.7362924281984334;0.9067524115755627;282.0;101;29;0.9067524115755627;0.26370757180156656;0.0932475884244373;0.7432940602302551;0.35995543003082275
FMT_C;FMT_C;val;SAE_D2_RVH_FMT_C;VH;0.2;0.4;250;votes;0.75;0.1;316;0.14628820960698688;0.7709595953387793;0.11166666666666666;0.2120253164556962;67.0;533;249;0.2120253164556962;0.8883333333333333;0.7879746835443038;0.0018797412049025297;0.000932501454371959
FMT_C;Capitan;test;SAE_D2_RVH_FMT_C;VH;0.2;0.4;250;votes;0.75;0.1;144;0;0;0.0;0.0;0.0;0;144;0.0;0.0;1.0;0.0;0.0
FMT_C;SEILS;test;SAE_D2_RVH_FMT_C;VH;0.2;0.4;250;votes;0.75;0.1;289;0;0;0.0;0.0;0.0;0;289;0.0;0.0;1.0;0.0;0.0
FMT_C;FMT_C;test;SAE_D2_RVH_FMT_C;VH;0.2;0.4;250;votes;0.75;0.1;311;0.12757201646090535;0.7490225646266508;0.09379727685325265;0.19935691318327975;62.0;599;249;0.19935691318327975;0.9062027231467473;0.8006430868167203;0.022643927484750748;0.009284867905080318
FMT_C;FMT_C;val;SAE_D2_RVH_FMT_C;VH;0.2;0.4;250;votes;1.0;0.9;316;0;0;0.0;0.0;0.0;0;316;0.0;0.0;1.0;0.0;0.0
FMT_C;Capitan;test;SAE_D2_RVH_FMT_C;VH;0.2;0.4;250;votes;1.0;0.9;144;0;0;0.0;0.0;0.0;0;144;0.0;0.0;1.0;0.0;0.0
FMT_C;SEILS;test;SAE_D2_RVH_FMT_C;VH;0.2;0.4;250;votes;1.0;0.9;289;0;0;0.0;0.0;0.0;0;289;0.0;0.0;1.0;0.0;0.0
FMT_C;FMT_C;test;SAE_D2_RVH_FMT_C;VH;0.2;0.4;250;votes;1.0;0.9;311;0;0;0.0;0.0;0.0;0;311;0.0;0.0;1.0;0.0;0.0
FMT_C;FMT_C;val;SAE_D2_RVH_FMT_C;VH;0.2;0.5;250;votes;0.25;0.1;316;0.7309782608695651;0.774237097728917;0.6404761904761904;0.8512658227848101;269.0;151;47;0.8512658227848101;0.3595238095238095;0.14873417721518986;0.13459929823875427;0.06459121406078339
FMT_C;Capitan;test;SAE_D2_RVH_FMT_C;VH;0.2;0.5;250;votes;0.25;0.1;144;0;0;0.0;0.0;0.0;3;144;0.0;1.0;1.0;0.0;0.0
FMT_C;SEILS;test;SAE_D2_RVH_FMT_C;VH;0.2;0.5;250;votes;0.25;0.1;289;0;0;0.0;0.0;0.0;26;289;0.0;1.0;1.0;0.0;0.0
FMT_C;FMT_C;test;SAE_D2_RVH_FMT_C;VH;0.2;0.5;250;votes;0.25;0.1;311;0.7520661157024793;0.7766841643489572;0.6578313253012048;0.8778135048231511;273.0;142;38;0.8778135048231511;0.3421686746987952;0.12218649517684887;0.7253358364105225;0.370391309261322
FMT_C;FMT_C;val;SAE_D2_RVH_FMT_C;VH;0.2;0.5;250;votes;0.5;0.1;316;0.15680473372781065;0.7741227571201987;0.14722222222222223;0.16772151898734178;53.0;307;263;0.16772151898734178;0.8527777777777777;0.8322784810126582;0.002866575261577964;0.0014136874815449119
FMT_C;Capitan;test;SAE_D2_RVH_FMT_C;VH;0.2;0.5;250;votes;0.5;0.1;144;0;0;0.0;0.0;0.0;0;144;0.0;0.0;1.0;0.0;0.0
FMT_C;SEILS;test;SAE_D2_RVH_FMT_C;VH;0.2;0.5;250;votes;0.5;0.1;289;0;0;0.0;0.0;0.0;0;289;0.0;0.0;1.0;0.0;0.0
FMT_C;FMT_C;test;SAE_D2_RVH_FMT_C;VH;0.2;0.5;250;votes;0.5;0.1;311;0.13165266106442577;0.7006376166338014;0.11662531017369727;0.15112540192926044;47.0;356;264;0.15112540192926044;0.8833746898263027;0.8488745980707395;0.02521318942308426;0.007943127304315567
FMT_C;FMT_C;val;SAE_D2_RVH_FMT_C;VH;0.2;0.5;250;votes;0.75;0.9;316;0;0;0.0;0.0;0.0;0;316;0.0;0.0;1.0;0.0;0.0
FMT_C;Capitan;test;SAE_D2_RVH_FMT_C;VH;0.2;0.5;250;votes;0.75;0.9;144;0;0;0.0;0.0;0.0;0;144;0.0;0.0;1.0;0.0;0.0
FMT_C;SEILS;test;SAE_D2_RVH_FMT_C;VH;0.2;0.5;250;votes;0.75;0.9;289;0;0;0.0;0.0;0.0;0;289;0.0;0.0;1.0;0.0;0.0
FMT_C;FMT_C;test;SAE_D2_RVH_FMT_C;VH;0.2;0.5;250;votes;0.75;0.9;311;0;0;0.0;0.0;0.0;0;311;0.0;0.0;1.0;0.0;0.0
FMT_C;FMT_C;val;SAE_D2_RVH_FMT_C;VH;0.2;0.5;250;votes;1.0;0.9;316;0;0;0.0;0.0;0.0;0;316;0.0;0.0;1.0;0.0;0.0
FMT_C;Capitan;test;SAE_D2_RVH_FMT_C;VH;0.2;0.5;250;votes;1.0;0.9;144;0;0;0.0;0.0;0.0;0;144;0.0;0.0;1.0;0.0;0.0
FMT_C;SEILS;test;SAE_D2_RVH_FMT_C;VH;0.2;0.5;250;votes;1.0;0.9;289;0;0;0.0;0.0;0.0;0;289;0.0;0.0;1.0;0.0;0.0
FMT_C;FMT_C;test;SAE_D2_RVH_FMT_C;VH;0.2;0.5;250;votes;1.0;0.9;311;0;0;0.0;0.0;0.0;0;311;0.0;0.0;1.0;0.0;0.0
