Source;Target;Partition;model;Resize;dropoutTrain;dropoutVal;Repetitions;Combination;VoteTH;BinTH;TotalGTBoxes;F1;IoU;Prec;Recall;TP;FP;FN;TP-norm;FP-norm;FN-norm;mAP;COCO
SEILS;SEILS;val;SAE_D2_RVH_SEILS;VH;0.2;0.1;1;votes;0.25;0.6;290;0.9100719424460431;0.8489802782563315;0.9511278195488722;0.8724137931034482;253.0;13;37;0.8724137931034482;0.04887218045112782;0.12758620689655173;0.7543816566467285;0.45660004019737244
SEILS;Capitan;test;SAE_D2_RVH_SEILS;VH;0.2;0.1;1;votes;0.25;0.6;144;0.011428571428571427;0.5404704254583189;0.03225806451612903;0.006944444444444444;1.0;30;143;0.006944444444444444;0.967741935483871;0.9930555555555556;0.00046296295477077365;6.600659980904311e-05
SEILS;SEILS;test;SAE_D2_RVH_SEILS;VH;0.2;0.1;1;votes;0.25;0.6;289;0.9068100358422939;0.8540626628711916;0.9405204460966543;0.8754325259515571;253.0;16;36;0.8754325259515571;0.05947955390334572;0.1245674740484429;0.8329804539680481;0.5562782883644104
SEILS;FMT_C;test;SAE_D2_RVH_SEILS;VH;0.2;0.1;1;votes;0.25;0.6;311;0;0;0.0;0.0;0.0;0;311;0.0;0.0;1.0;0.0;0.0
SEILS;SEILS;val;SAE_D2_RVH_SEILS;VH;0.2;0.1;1;votes;0.5;0.6;290;0.9100719424460431;0.8489802782563315;0.9511278195488722;0.8724137931034482;253.0;13;37;0.8724137931034482;0.04887218045112782;0.12758620689655173;0.7543816566467285;0.45660004019737244
SEILS;Capitan;test;SAE_D2_RVH_SEILS;VH;0.2;0.1;1;votes;0.5;0.6;144;0.011428571428571427;0.5404704254583189;0.03225806451612903;0.006944444444444444;1.0;30;143;0.006944444444444444;0.967741935483871;0.9930555555555556;0.00046296295477077365;6.600659980904311e-05
SEILS;SEILS;test;SAE_D2_RVH_SEILS;VH;0.2;0.1;1;votes;0.5;0.6;289;0.9068100358422939;0.8540626628711916;0.9405204460966543;0.8754325259515571;253.0;16;36;0.8754325259515571;0.05947955390334572;0.1245674740484429;0.8329804539680481;0.5562782883644104
SEILS;FMT_C;test;SAE_D2_RVH_SEILS;VH;0.2;0.1;1;votes;0.5;0.6;311;0;0;0.0;0.0;0.0;0;311;0.0;0.0;1.0;0.0;0.0
SEILS;SEILS;val;SAE_D2_RVH_SEILS;VH;0.2;0.1;1;votes;0.75;0.6;290;0.9100719424460431;0.8489802782563315;0.9511278195488722;0.8724137931034482;253.0;13;37;0.8724137931034482;0.04887218045112782;0.12758620689655173;0.7543816566467285;0.45660004019737244
SEILS;Capitan;test;SAE_D2_RVH_SEILS;VH;0.2;0.1;1;votes;0.75;0.6;144;0.011428571428571427;0.5404704254583189;0.03225806451612903;0.006944444444444444;1.0;30;143;0.006944444444444444;0.967741935483871;0.9930555555555556;0.00046296295477077365;6.600659980904311e-05
SEILS;SEILS;test;SAE_D2_RVH_SEILS;VH;0.2;0.1;1;votes;0.75;0.6;289;0.9068100358422939;0.8540626628711916;0.9405204460966543;0.8754325259515571;253.0;16;36;0.8754325259515571;0.05947955390334572;0.1245674740484429;0.8329804539680481;0.5562782883644104
SEILS;FMT_C;test;SAE_D2_RVH_SEILS;VH;0.2;0.1;1;votes;0.75;0.6;311;0;0;0.0;0.0;0.0;0;311;0.0;0.0;1.0;0.0;0.0
SEILS;SEILS;val;SAE_D2_RVH_SEILS;VH;0.2;0.1;1;votes;1.0;0.6;290;0.9100719424460431;0.8489802782563315;0.9511278195488722;0.8724137931034482;253.0;13;37;0.8724137931034482;0.04887218045112782;0.12758620689655173;0.7543816566467285;0.45660004019737244
SEILS;Capitan;test;SAE_D2_RVH_SEILS;VH;0.2;0.1;1;votes;1.0;0.6;144;0.011428571428571427;0.5404704254583189;0.03225806451612903;0.006944444444444444;1.0;30;143;0.006944444444444444;0.967741935483871;0.9930555555555556;0.00046296295477077365;6.600659980904311e-05
SEILS;SEILS;test;SAE_D2_RVH_SEILS;VH;0.2;0.1;1;votes;1.0;0.6;289;0.9068100358422939;0.8540626628711916;0.9405204460966543;0.8754325259515571;253.0;16;36;0.8754325259515571;0.05947955390334572;0.1245674740484429;0.8329804539680481;0.5562782883644104
SEILS;FMT_C;test;SAE_D2_RVH_SEILS;VH;0.2;0.1;1;votes;1.0;0.6;311;0;0;0.0;0.0;0.0;0;311;0.0;0.0;1.0;0.0;0.0
SEILS;SEILS;val;SAE_D2_RVH_SEILS;VH;0.2;0.2;1;votes;0.25;0.5;290;0.8421052631578947;0.8172348156255165;0.8571428571428571;0.8275862068965517;240.0;40;50;0.8275862068965517;0.14285714285714285;0.1724137931034483;0.6262798309326172;0.35860246419906616
SEILS;Capitan;test;SAE_D2_RVH_SEILS;VH;0.2;0.2;1;votes;0.25;0.5;144;0.08;0.7287050111030184;0.14285714285714285;0.05555555555555555;8.0;48;136;0.05555555555555555;0.8571428571428571;0.9444444444444444;0.013625841587781906;0.0056314049288630486
SEILS;SEILS;test;SAE_D2_RVH_SEILS;VH;0.2;0.2;1;votes;0.25;0.5;289;0.8212389380530972;0.8410260957471357;0.8405797101449275;0.8027681660899654;232.0;44;57;0.8027681660899654;0.15942028985507245;0.1972318339100346;0.6879560351371765;0.44033998250961304
SEILS;FMT_C;test;SAE_D2_RVH_SEILS;VH;0.2;0.2;1;votes;0.25;0.5;311;0;0;0.0;0.0;0.0;0;311;0.0;0.0;1.0;0.0;0.0
SEILS;SEILS;val;SAE_D2_RVH_SEILS;VH;0.2;0.2;1;votes;0.5;0.5;290;0.8421052631578947;0.8172348156255165;0.8571428571428571;0.8275862068965517;240.0;40;50;0.8275862068965517;0.14285714285714285;0.1724137931034483;0.6262798309326172;0.35860246419906616
SEILS;Capitan;test;SAE_D2_RVH_SEILS;VH;0.2;0.2;1;votes;0.5;0.5;144;0.08;0.7287050111030184;0.14285714285714285;0.05555555555555555;8.0;48;136;0.05555555555555555;0.8571428571428571;0.9444444444444444;0.013625841587781906;0.0056314049288630486
SEILS;SEILS;test;SAE_D2_RVH_SEILS;VH;0.2;0.2;1;votes;0.5;0.5;289;0.8212389380530972;0.8410260957471357;0.8405797101449275;0.8027681660899654;232.0;44;57;0.8027681660899654;0.15942028985507245;0.1972318339100346;0.6879560351371765;0.44033998250961304
SEILS;FMT_C;test;SAE_D2_RVH_SEILS;VH;0.2;0.2;1;votes;0.5;0.5;311;0;0;0.0;0.0;0.0;0;311;0.0;0.0;1.0;0.0;0.0
SEILS;SEILS;val;SAE_D2_RVH_SEILS;VH;0.2;0.2;1;votes;0.75;0.5;290;0.8421052631578947;0.8172348156255165;0.8571428571428571;0.8275862068965517;240.0;40;50;0.8275862068965517;0.14285714285714285;0.1724137931034483;0.6262798309326172;0.35860246419906616
SEILS;Capitan;test;SAE_D2_RVH_SEILS;VH;0.2;0.2;1;votes;0.75;0.5;144;0.08;0.7287050111030184;0.14285714285714285;0.05555555555555555;8.0;48;136;0.05555555555555555;0.8571428571428571;0.9444444444444444;0.013625841587781906;0.0056314049288630486
SEILS;SEILS;test;SAE_D2_RVH_SEILS;VH;0.2;0.2;1;votes;0.75;0.5;289;0.8212389380530972;0.8410260957471357;0.8405797101449275;0.8027681660899654;232.0;44;57;0.8027681660899654;0.15942028985507245;0.1972318339100346;0.6879560351371765;0.44033998250961304
SEILS;FMT_C;test;SAE_D2_RVH_SEILS;VH;0.2;0.2;1;votes;0.75;0.5;311;0;0;0.0;0.0;0.0;0;311;0.0;0.0;1.0;0.0;0.0
SEILS;SEILS;val;SAE_D2_RVH_SEILS;VH;0.2;0.2;1;votes;1.0;0.5;290;0.8421052631578947;0.8172348156255165;0.8571428571428571;0.8275862068965517;240.0;40;50;0.8275862068965517;0.14285714285714285;0.1724137931034483;0.6262798309326172;0.35860246419906616
SEILS;Capitan;test;SAE_D2_RVH_SEILS;VH;0.2;0.2;1;votes;1.0;0.5;144;0.08;0.7287050111030184;0.14285714285714285;0.05555555555555555;8.0;48;136;0.05555555555555555;0.8571428571428571;0.9444444444444444;0.013625841587781906;0.0056314049288630486
SEILS;SEILS;test;SAE_D2_RVH_SEILS;VH;0.2;0.2;1;votes;1.0;0.5;289;0.8212389380530972;0.8410260957471357;0.8405797101449275;0.8027681660899654;232.0;44;57;0.8027681660899654;0.15942028985507245;0.1972318339100346;0.6879560351371765;0.44033998250961304
SEILS;FMT_C;test;SAE_D2_RVH_SEILS;VH;0.2;0.2;1;votes;1.0;0.5;311;0;0;0.0;0.0;0.0;0;311;0.0;0.0;1.0;0.0;0.0
SEILS;SEILS;val;SAE_D2_RVH_SEILS;VH;0.2;0.3;1;votes;0.25;0.3;290;0.5892857142857143;0.7936819680226763;0.6111111111111112;0.5689655172413793;165.0;105;125;0.5689655172413793;0.3888888888888889;0.43103448275862066;0.3224540948867798;0.16476938128471375
SEILS;Capitan;test;SAE_D2_RVH_SEILS;VH;0.2;0.3;1;votes;0.25;0.3;144;0.11042944785276075;0.8307664065223509;0.47368421052631576;0.0625;9.0;10;135;0.0625;0.5263157894736842;0.9375;0.03835470229387283;0.02676059864461422
SEILS;SEILS;test;SAE_D2_RVH_SEILS;VH;0.2;0.3;1;votes;0.25;0.3;289;0.6799276672694394;0.8037413907399565;0.7121212121212122;0.6505190311418685;188.0;76;101;0.6505190311418685;0.2878787878787879;0.3494809688581315;0.4999706447124481;0.2788195312023163
SEILS;FMT_C;test;SAE_D2_RVH_SEILS;VH;0.2;0.3;1;votes;0.25;0.3;311;0;0;0.0;0.0;0.0;33;311;0.0;1.0;1.0;0.0;0.0
SEILS;SEILS;val;SAE_D2_RVH_SEILS;VH;0.2;0.3;1;votes;0.5;0.3;290;0.5892857142857143;0.7936819680226763;0.6111111111111112;0.5689655172413793;165.0;105;125;0.5689655172413793;0.3888888888888889;0.43103448275862066;0.3224540948867798;0.16476938128471375
SEILS;Capitan;test;SAE_D2_RVH_SEILS;VH;0.2;0.3;1;votes;0.5;0.3;144;0.11042944785276075;0.8307664065223509;0.47368421052631576;0.0625;9.0;10;135;0.0625;0.5263157894736842;0.9375;0.03835470229387283;0.02676059864461422
SEILS;SEILS;test;SAE_D2_RVH_SEILS;VH;0.2;0.3;1;votes;0.5;0.3;289;0.6799276672694394;0.8037413907399565;0.7121212121212122;0.6505190311418685;188.0;76;101;0.6505190311418685;0.2878787878787879;0.3494809688581315;0.4999706447124481;0.2788195312023163
SEILS;FMT_C;test;SAE_D2_RVH_SEILS;VH;0.2;0.3;1;votes;0.5;0.3;311;0;0;0.0;0.0;0.0;33;311;0.0;1.0;1.0;0.0;0.0
SEILS;SEILS;val;SAE_D2_RVH_SEILS;VH;0.2;0.3;1;votes;0.75;0.3;290;0.5892857142857143;0.7936819680226763;0.6111111111111112;0.5689655172413793;165.0;105;125;0.5689655172413793;0.3888888888888889;0.43103448275862066;0.3224540948867798;0.16476938128471375
SEILS;Capitan;test;SAE_D2_RVH_SEILS;VH;0.2;0.3;1;votes;0.75;0.3;144;0.11042944785276075;0.8307664065223509;0.47368421052631576;0.0625;9.0;10;135;0.0625;0.5263157894736842;0.9375;0.03835470229387283;0.02676059864461422
SEILS;SEILS;test;SAE_D2_RVH_SEILS;VH;0.2;0.3;1;votes;0.75;0.3;289;0.6799276672694394;0.8037413907399565;0.7121212121212122;0.6505190311418685;188.0;76;101;0.6505190311418685;0.2878787878787879;0.3494809688581315;0.4999706447124481;0.2788195312023163
SEILS;FMT_C;test;SAE_D2_RVH_SEILS;VH;0.2;0.3;1;votes;0.75;0.3;311;0;0;0.0;0.0;0.0;33;311;0.0;1.0;1.0;0.0;0.0
SEILS;SEILS;val;SAE_D2_RVH_SEILS;VH;0.2;0.3;1;votes;1.0;0.3;290;0.5892857142857143;0.7936819680226763;0.6111111111111112;0.5689655172413793;165.0;105;125;0.5689655172413793;0.3888888888888889;0.43103448275862066;0.3224540948867798;0.16476938128471375
SEILS;Capitan;test;SAE_D2_RVH_SEILS;VH;0.2;0.3;1;votes;1.0;0.3;144;0.11042944785276075;0.8307664065223509;0.47368421052631576;0.0625;9.0;10;135;0.0625;0.5263157894736842;0.9375;0.03835470229387283;0.02676059864461422
SEILS;SEILS;test;SAE_D2_RVH_SEILS;VH;0.2;0.3;1;votes;1.0;0.3;289;0.6799276672694394;0.8037413907399565;0.7121212121212122;0.6505190311418685;188.0;76;101;0.6505190311418685;0.2878787878787879;0.3494809688581315;0.4999706447124481;0.2788195312023163
SEILS;FMT_C;test;SAE_D2_RVH_SEILS;VH;0.2;0.3;1;votes;1.0;0.3;311;0;0;0.0;0.0;0.0;33;311;0.0;1.0;1.0;0.0;0.0
SEILS;SEILS;val;SAE_D2_RVH_SEILS;VH;0.2;0.4;1;votes;0.25;0.45;290;0.43043478260869567;0.7474458558245962;0.5823529411764706;0.3413793103448276;99.0;71;191;0.3413793103448276;0.4176470588235294;0.6586206896551724;0.17894986271858215;0.08249212801456451
SEILS;Capitan;test;SAE_D2_RVH_SEILS;VH;0.2;0.4;1;votes;0.25;0.45;144;0;0;0.0;0.0;0.0;5;144;0.0;1.0;1.0;0.0;0.0
SEILS;SEILS;test;SAE_D2_RVH_SEILS;VH;0.2;0.4;1;votes;0.25;0.45;289;0.4017278617710583;0.7616727983559312;0.5344827586206896;0.3217993079584775;93.0;81;196;0.3217993079584775;0.46551724137931033;0.6782006920415224;0.20576715469360352;0.10267680883407593
SEILS;FMT_C;test;SAE_D2_RVH_SEILS;VH;0.2;0.4;1;votes;0.25;0.45;311;0;0;0.0;0.0;0.0;10;311;0.0;1.0;1.0;0.0;0.0
SEILS;SEILS;val;SAE_D2_RVH_SEILS;VH;0.2;0.4;1;votes;0.5;0.45;290;0.43043478260869567;0.7474458558245962;0.5823529411764706;0.3413793103448276;99.0;71;191;0.3413793103448276;0.4176470588235294;0.6586206896551724;0.17894986271858215;0.08249212801456451
SEILS;Capitan;test;SAE_D2_RVH_SEILS;VH;0.2;0.4;1;votes;0.5;0.45;144;0;0;0.0;0.0;0.0;5;144;0.0;1.0;1.0;0.0;0.0
SEILS;SEILS;test;SAE_D2_RVH_SEILS;VH;0.2;0.4;1;votes;0.5;0.45;289;0.4017278617710583;0.7616727983559312;0.5344827586206896;0.3217993079584775;93.0;81;196;0.3217993079584775;0.46551724137931033;0.6782006920415224;0.20576715469360352;0.10267680883407593
SEILS;FMT_C;test;SAE_D2_RVH_SEILS;VH;0.2;0.4;1;votes;0.5;0.45;311;0;0;0.0;0.0;0.0;10;311;0.0;1.0;1.0;0.0;0.0
SEILS;SEILS;val;SAE_D2_RVH_SEILS;VH;0.2;0.4;1;votes;0.75;0.45;290;0.43043478260869567;0.7474458558245962;0.5823529411764706;0.3413793103448276;99.0;71;191;0.3413793103448276;0.4176470588235294;0.6586206896551724;0.17894986271858215;0.08249212801456451
SEILS;Capitan;test;SAE_D2_RVH_SEILS;VH;0.2;0.4;1;votes;0.75;0.45;144;0;0;0.0;0.0;0.0;5;144;0.0;1.0;1.0;0.0;0.0
SEILS;SEILS;test;SAE_D2_RVH_SEILS;VH;0.2;0.4;1;votes;0.75;0.45;289;0.4017278617710583;0.7616727983559312;0.5344827586206896;0.3217993079584775;93.0;81;196;0.3217993079584775;0.46551724137931033;0.6782006920415224;0.20576715469360352;0.10267680883407593
SEILS;FMT_C;test;SAE_D2_RVH_SEILS;VH;0.2;0.4;1;votes;0.75;0.45;311;0;0;0.0;0.0;0.0;10;311;0.0;1.0;1.0;0.0;0.0
SEILS;SEILS;val;SAE_D2_RVH_SEILS;VH;0.2;0.4;1;votes;1.0;0.45;290;0.43043478260869567;0.7474458558245962;0.5823529411764706;0.3413793103448276;99.0;71;191;0.3413793103448276;0.4176470588235294;0.6586206896551724;0.17894986271858215;0.08249212801456451
SEILS;Capitan;test;SAE_D2_RVH_SEILS;VH;0.2;0.4;1;votes;1.0;0.45;144;0;0;0.0;0.0;0.0;5;144;0.0;1.0;1.0;0.0;0.0
SEILS;SEILS;test;SAE_D2_RVH_SEILS;VH;0.2;0.4;1;votes;1.0;0.45;289;0.4017278617710583;0.7616727983559312;0.5344827586206896;0.3217993079584775;93.0;81;196;0.3217993079584775;0.46551724137931033;0.6782006920415224;0.20576715469360352;0.10267680883407593
SEILS;FMT_C;test;SAE_D2_RVH_SEILS;VH;0.2;0.4;1;votes;1.0;0.45;311;0;0;0.0;0.0;0.0;10;311;0.0;1.0;1.0;0.0;0.0
SEILS;SEILS;val;SAE_D2_RVH_SEILS;VH;0.2;0.5;1;votes;0.25;0.1;290;0.22604422604422603;0.7390628833485605;0.39316239316239315;0.15862068965517243;46.0;71;244;0.15862068965517243;0.6068376068376068;0.8413793103448276;0.03332824632525444;0.011879733763635159
SEILS;Capitan;test;SAE_D2_RVH_SEILS;VH;0.2;0.5;1;votes;0.25;0.1;144;0;0;0.0;0.0;0.0;2;144;0.0;1.0;1.0;0.0;0.0
SEILS;SEILS;test;SAE_D2_RVH_SEILS;VH;0.2;0.5;1;votes;0.25;0.1;289;0.20417633410672856;0.7535699442872869;0.30985915492957744;0.1522491349480969;44.0;98;245;0.1522491349480969;0.6901408450704225;0.8477508650519031;0.06526094675064087;0.030466994270682335
SEILS;FMT_C;test;SAE_D2_RVH_SEILS;VH;0.2;0.5;1;votes;0.25;0.1;311;0;0;0.0;0.0;0.0;42;311;0.0;1.0;1.0;0.0;0.0
SEILS;SEILS;val;SAE_D2_RVH_SEILS;VH;0.2;0.5;1;votes;0.5;0.1;290;0.22604422604422603;0.7390628833485605;0.39316239316239315;0.15862068965517243;46.0;71;244;0.15862068965517243;0.6068376068376068;0.8413793103448276;0.03332824632525444;0.011879733763635159
SEILS;Capitan;test;SAE_D2_RVH_SEILS;VH;0.2;0.5;1;votes;0.5;0.1;144;0;0;0.0;0.0;0.0;2;144;0.0;1.0;1.0;0.0;0.0
SEILS;SEILS;test;SAE_D2_RVH_SEILS;VH;0.2;0.5;1;votes;0.5;0.1;289;0.20417633410672856;0.7535699442872869;0.30985915492957744;0.1522491349480969;44.0;98;245;0.1522491349480969;0.6901408450704225;0.8477508650519031;0.06526094675064087;0.030466994270682335
SEILS;FMT_C;test;SAE_D2_RVH_SEILS;VH;0.2;0.5;1;votes;0.5;0.1;311;0;0;0.0;0.0;0.0;42;311;0.0;1.0;1.0;0.0;0.0
SEILS;SEILS;val;SAE_D2_RVH_SEILS;VH;0.2;0.5;1;votes;0.75;0.1;290;0.22604422604422603;0.7390628833485605;0.39316239316239315;0.15862068965517243;46.0;71;244;0.15862068965517243;0.6068376068376068;0.8413793103448276;0.03332824632525444;0.011879733763635159
SEILS;Capitan;test;SAE_D2_RVH_SEILS;VH;0.2;0.5;1;votes;0.75;0.1;144;0;0;0.0;0.0;0.0;2;144;0.0;1.0;1.0;0.0;0.0
SEILS;SEILS;test;SAE_D2_RVH_SEILS;VH;0.2;0.5;1;votes;0.75;0.1;289;0.20417633410672856;0.7535699442872869;0.30985915492957744;0.1522491349480969;44.0;98;245;0.1522491349480969;0.6901408450704225;0.8477508650519031;0.06526094675064087;0.030466994270682335
SEILS;FMT_C;test;SAE_D2_RVH_SEILS;VH;0.2;0.5;1;votes;0.75;0.1;311;0;0;0.0;0.0;0.0;42;311;0.0;1.0;1.0;0.0;0.0
SEILS;SEILS;val;SAE_D2_RVH_SEILS;VH;0.2;0.5;1;votes;1.0;0.1;290;0.22604422604422603;0.7390628833485605;0.39316239316239315;0.15862068965517243;46.0;71;244;0.15862068965517243;0.6068376068376068;0.8413793103448276;0.03332824632525444;0.011879733763635159
SEILS;Capitan;test;SAE_D2_RVH_SEILS;VH;0.2;0.5;1;votes;1.0;0.1;144;0;0;0.0;0.0;0.0;2;144;0.0;1.0;1.0;0.0;0.0
SEILS;SEILS;test;SAE_D2_RVH_SEILS;VH;0.2;0.5;1;votes;1.0;0.1;289;0.20417633410672856;0.7535699442872869;0.30985915492957744;0.1522491349480969;44.0;98;245;0.1522491349480969;0.6901408450704225;0.8477508650519031;0.06526094675064087;0.030466994270682335
SEILS;FMT_C;test;SAE_D2_RVH_SEILS;VH;0.2;0.5;1;votes;1.0;0.1;311;0;0;0.0;0.0;0.0;42;311;0.0;1.0;1.0;0.0;0.0
SEILS;SEILS;val;SAE_D2_RVH_SEILS;VH;0.2;0.1;2;votes;0.25;0.7;290;0.9376114081996435;0.8602948403810057;0.9704797047970479;0.906896551724138;263.0;8;27;0.906896551724138;0.02952029520295203;0.09310344827586207;0.7897343039512634;0.4845391809940338
SEILS;Capitan;test;SAE_D2_RVH_SEILS;VH;0.2;0.1;2;votes;0.25;0.7;144;0;0;0.0;0.0;0.0;11;144;0.0;1.0;1.0;0.0;0.0
SEILS;SEILS;test;SAE_D2_RVH_SEILS;VH;0.2;0.1;2;votes;0.25;0.7;289;0.9247311827956989;0.8680751986845688;0.9591078066914498;0.8927335640138409;258.0;11;31;0.8927335640138409;0.040892193308550186;0.10726643598615918;0.8599298000335693;0.6170423030853271
SEILS;FMT_C;test;SAE_D2_RVH_SEILS;VH;0.2;0.1;2;votes;0.25;0.7;311;0;0;0.0;0.0;0.0;0;311;0.0;0.0;1.0;0.0;0.0
SEILS;SEILS;val;SAE_D2_RVH_SEILS;VH;0.2;0.1;2;votes;0.5;0.7;290;0.9376114081996435;0.8602948403810057;0.9704797047970479;0.906896551724138;263.0;8;27;0.906896551724138;0.02952029520295203;0.09310344827586207;0.7897343039512634;0.4845391809940338
SEILS;Capitan;test;SAE_D2_RVH_SEILS;VH;0.2;0.1;2;votes;0.5;0.7;144;0;0;0.0;0.0;0.0;11;144;0.0;1.0;1.0;0.0;0.0
SEILS;SEILS;test;SAE_D2_RVH_SEILS;VH;0.2;0.1;2;votes;0.5;0.7;289;0.9247311827956989;0.8680751986845688;0.9591078066914498;0.8927335640138409;258.0;11;31;0.8927335640138409;0.040892193308550186;0.10726643598615918;0.8599298000335693;0.6170423030853271
SEILS;FMT_C;test;SAE_D2_RVH_SEILS;VH;0.2;0.1;2;votes;0.5;0.7;311;0;0;0.0;0.0;0.0;0;311;0.0;0.0;1.0;0.0;0.0
SEILS;SEILS;val;SAE_D2_RVH_SEILS;VH;0.2;0.1;2;votes;0.75;0.3;290;0.9126559714795008;0.8415964555206679;0.9446494464944649;0.8827586206896552;256.0;15;34;0.8827586206896552;0.055350553505535055;0.11724137931034483;0.7652931213378906;0.47567471861839294
SEILS;Capitan;test;SAE_D2_RVH_SEILS;VH;0.2;0.1;2;votes;0.75;0.3;144;0;0;0.0;0.0;0.0;2;144;0.0;1.0;1.0;0.0;0.0
SEILS;SEILS;test;SAE_D2_RVH_SEILS;VH;0.2;0.1;2;votes;0.75;0.3;289;0.9057971014492754;0.8496125895660595;0.9505703422053232;0.8650519031141869;250.0;13;39;0.8650519031141869;0.049429657794676805;0.13494809688581316;0.8233188986778259;0.5627137422561646
SEILS;FMT_C;test;SAE_D2_RVH_SEILS;VH;0.2;0.1;2;votes;0.75;0.3;311;0;0;0.0;0.0;0.0;0;311;0.0;0.0;1.0;0.0;0.0
SEILS;SEILS;val;SAE_D2_RVH_SEILS;VH;0.2;0.1;2;votes;1.0;0.3;290;0.9126559714795008;0.8415964555206679;0.9446494464944649;0.8827586206896552;256.0;15;34;0.8827586206896552;0.055350553505535055;0.11724137931034483;0.7652931213378906;0.47567471861839294
SEILS;Capitan;test;SAE_D2_RVH_SEILS;VH;0.2;0.1;2;votes;1.0;0.3;144;0;0;0.0;0.0;0.0;2;144;0.0;1.0;1.0;0.0;0.0
SEILS;SEILS;test;SAE_D2_RVH_SEILS;VH;0.2;0.1;2;votes;1.0;0.3;289;0.9057971014492754;0.8496125895660595;0.9505703422053232;0.8650519031141869;250.0;13;39;0.8650519031141869;0.049429657794676805;0.13494809688581316;0.8233188986778259;0.5627137422561646
SEILS;FMT_C;test;SAE_D2_RVH_SEILS;VH;0.2;0.1;2;votes;1.0;0.3;311;0;0;0.0;0.0;0.0;0;311;0.0;0.0;1.0;0.0;0.0
SEILS;SEILS;val;SAE_D2_RVH_SEILS;VH;0.2;0.2;2;votes;0.25;0.65;290;0.9071803852889667;0.8362726291352363;0.9217081850533808;0.8931034482758621;259.0;22;31;0.8931034482758621;0.07829181494661921;0.10689655172413794;0.65877366065979;0.38217297196388245
SEILS;Capitan;test;SAE_D2_RVH_SEILS;VH;0.2;0.2;2;votes;0.25;0.65;144;0;0;0.0;0.0;0.0;25;144;0.0;1.0;1.0;0.0;0.0
SEILS;SEILS;test;SAE_D2_RVH_SEILS;VH;0.2;0.2;2;votes;0.25;0.65;289;0.8717047451669596;0.8479367859544485;0.8857142857142857;0.8581314878892734;248.0;32;41;0.8581314878892734;0.11428571428571428;0.14186851211072665;0.7648583650588989;0.5106402635574341
SEILS;FMT_C;test;SAE_D2_RVH_SEILS;VH;0.2;0.2;2;votes;0.25;0.65;311;0;0;0.0;0.0;0.0;0;311;0.0;0.0;1.0;0.0;0.0
SEILS;SEILS;val;SAE_D2_RVH_SEILS;VH;0.2;0.2;2;votes;0.5;0.65;290;0.9071803852889667;0.8362726291352363;0.9217081850533808;0.8931034482758621;259.0;22;31;0.8931034482758621;0.07829181494661921;0.10689655172413794;0.65877366065979;0.38217297196388245
SEILS;Capitan;test;SAE_D2_RVH_SEILS;VH;0.2;0.2;2;votes;0.5;0.65;144;0;0;0.0;0.0;0.0;25;144;0.0;1.0;1.0;0.0;0.0
SEILS;SEILS;test;SAE_D2_RVH_SEILS;VH;0.2;0.2;2;votes;0.5;0.65;289;0.8717047451669596;0.8479367859544485;0.8857142857142857;0.8581314878892734;248.0;32;41;0.8581314878892734;0.11428571428571428;0.14186851211072665;0.7648583650588989;0.5106402635574341
SEILS;FMT_C;test;SAE_D2_RVH_SEILS;VH;0.2;0.2;2;votes;0.5;0.65;311;0;0;0.0;0.0;0.0;0;311;0.0;0.0;1.0;0.0;0.0
SEILS;SEILS;val;SAE_D2_RVH_SEILS;VH;0.2;0.2;2;votes;0.75;0.3;290;0.8128342245989306;0.8370125462733342;0.8413284132841329;0.7862068965517242;228.0;43;62;0.7862068965517242;0.15867158671586715;0.21379310344827587;0.6049990057945251;0.36465153098106384
SEILS;Capitan;test;SAE_D2_RVH_SEILS;VH;0.2;0.2;2;votes;0.75;0.3;144;0;0;0.0;0.0;0.0;4;144;0.0;1.0;1.0;0.0;0.0
SEILS;SEILS;test;SAE_D2_RVH_SEILS;VH;0.2;0.2;2;votes;0.75;0.3;289;0.8372943327239487;0.844841493528806;0.8875968992248062;0.7923875432525952;229.0;29;60;0.7923875432525952;0.1124031007751938;0.20761245674740483;0.7302090525627136;0.4815433919429779
SEILS;FMT_C;test;SAE_D2_RVH_SEILS;VH;0.2;0.2;2;votes;0.75;0.3;311;0;0;0.0;0.0;0.0;1;311;0.0;1.0;1.0;0.0;0.0
SEILS;SEILS;val;SAE_D2_RVH_SEILS;VH;0.2;0.2;2;votes;1.0;0.3;290;0.8128342245989306;0.8370125462733342;0.8413284132841329;0.7862068965517242;228.0;43;62;0.7862068965517242;0.15867158671586715;0.21379310344827587;0.6049990057945251;0.36465153098106384
SEILS;Capitan;test;SAE_D2_RVH_SEILS;VH;0.2;0.2;2;votes;1.0;0.3;144;0;0;0.0;0.0;0.0;4;144;0.0;1.0;1.0;0.0;0.0
SEILS;SEILS;test;SAE_D2_RVH_SEILS;VH;0.2;0.2;2;votes;1.0;0.3;289;0.8372943327239487;0.844841493528806;0.8875968992248062;0.7923875432525952;229.0;29;60;0.7923875432525952;0.1124031007751938;0.20761245674740483;0.7302090525627136;0.4815433919429779
SEILS;FMT_C;test;SAE_D2_RVH_SEILS;VH;0.2;0.2;2;votes;1.0;0.3;311;0;0;0.0;0.0;0.0;1;311;0.0;1.0;1.0;0.0;0.0
SEILS;SEILS;val;SAE_D2_RVH_SEILS;VH;0.2;0.3;2;votes;0.25;0.75;290;0.7867647058823529;0.8246129358497484;0.84251968503937;0.7379310344827587;214.0;40;76;0.7379310344827587;0.15748031496062992;0.2620689655172414;0.5168947577476501;0.2872094511985779
SEILS;Capitan;test;SAE_D2_RVH_SEILS;VH;0.2;0.3;2;votes;0.25;0.75;144;0.07547169811320754;0.7524806119922532;0.4;0.041666666666666664;6.0;9;138;0.041666666666666664;0.6;0.9583333333333334;0.01923076994717121;0.010585454292595387
SEILS;SEILS;test;SAE_D2_RVH_SEILS;VH;0.2;0.3;2;votes;0.25;0.75;289;0.7781818181818182;0.8148795238138523;0.8199233716475096;0.740484429065744;214.0;47;75;0.740484429065744;0.18007662835249041;0.25951557093425603;0.6179993152618408;0.36543214321136475
SEILS;FMT_C;test;SAE_D2_RVH_SEILS;VH;0.2;0.3;2;votes;0.25;0.75;311;0;0;0.0;0.0;0.0;0;311;0.0;0.0;1.0;0.0;0.0
SEILS;SEILS;val;SAE_D2_RVH_SEILS;VH;0.2;0.3;2;votes;0.5;0.75;290;0.7867647058823529;0.8246129358497484;0.84251968503937;0.7379310344827587;214.0;40;76;0.7379310344827587;0.15748031496062992;0.2620689655172414;0.5168947577476501;0.2872094511985779
SEILS;Capitan;test;SAE_D2_RVH_SEILS;VH;0.2;0.3;2;votes;0.5;0.75;144;0.07547169811320754;0.7524806119922532;0.4;0.041666666666666664;6.0;9;138;0.041666666666666664;0.6;0.9583333333333334;0.01923076994717121;0.010585454292595387
SEILS;SEILS;test;SAE_D2_RVH_SEILS;VH;0.2;0.3;2;votes;0.5;0.75;289;0.7781818181818182;0.8148795238138523;0.8199233716475096;0.740484429065744;214.0;47;75;0.740484429065744;0.18007662835249041;0.25951557093425603;0.6179993152618408;0.36543214321136475
SEILS;FMT_C;test;SAE_D2_RVH_SEILS;VH;0.2;0.3;2;votes;0.5;0.75;311;0;0;0.0;0.0;0.0;0;311;0.0;0.0;1.0;0.0;0.0
SEILS;SEILS;val;SAE_D2_RVH_SEILS;VH;0.2;0.3;2;votes;0.75;0.1;290;0.6341463414634148;0.8031188029175742;0.6954732510288066;0.5827586206896552;169.0;74;121;0.5827586206896552;0.3045267489711934;0.41724137931034483;0.24173004925251007;0.1250779777765274
SEILS;Capitan;test;SAE_D2_RVH_SEILS;VH;0.2;0.3;2;votes;0.75;0.1;144;0;0;0.0;0.0;0.0;2;144;0.0;1.0;1.0;0.0;0.0
SEILS;SEILS;test;SAE_D2_RVH_SEILS;VH;0.2;0.3;2;votes;0.75;0.1;289;0.63003663003663;0.7949611178570268;0.669260700389105;0.5951557093425606;172.0;85;117;0.5951557093425606;0.33073929961089493;0.40484429065743943;0.4137093722820282;0.22267667949199677
SEILS;FMT_C;test;SAE_D2_RVH_SEILS;VH;0.2;0.3;2;votes;0.75;0.1;311;0;0;0.0;0.0;0.0;0;311;0.0;0.0;1.0;0.0;0.0
SEILS;SEILS;val;SAE_D2_RVH_SEILS;VH;0.2;0.3;2;votes;1.0;0.1;290;0.6341463414634148;0.8031188029175742;0.6954732510288066;0.5827586206896552;169.0;74;121;0.5827586206896552;0.3045267489711934;0.41724137931034483;0.24173004925251007;0.1250779777765274
SEILS;Capitan;test;SAE_D2_RVH_SEILS;VH;0.2;0.3;2;votes;1.0;0.1;144;0;0;0.0;0.0;0.0;2;144;0.0;1.0;1.0;0.0;0.0
SEILS;SEILS;test;SAE_D2_RVH_SEILS;VH;0.2;0.3;2;votes;1.0;0.1;289;0.63003663003663;0.7949611178570268;0.669260700389105;0.5951557093425606;172.0;85;117;0.5951557093425606;0.33073929961089493;0.40484429065743943;0.4137093722820282;0.22267667949199677
SEILS;FMT_C;test;SAE_D2_RVH_SEILS;VH;0.2;0.3;2;votes;1.0;0.1;311;0;0;0.0;0.0;0.0;0;311;0.0;0.0;1.0;0.0;0.0
SEILS;SEILS;val;SAE_D2_RVH_SEILS;VH;0.2;0.4;2;votes;0.25;0.4;290;0.5242369838420109;0.7581917080988396;0.5468164794007491;0.503448275862069;146.0;121;144;0.503448275862069;0.45318352059925093;0.496551724137931;0.26042407751083374;0.1253742277622223
SEILS;Capitan;test;SAE_D2_RVH_SEILS;VH;0.2;0.4;2;votes;0.25;0.4;144;0.19266055045871558;0.7025880939217855;0.28378378378378377;0.14583333333333334;21.0;53;123;0.14583333333333334;0.7162162162162162;0.8541666666666666;0.055204350501298904;0.020081857219338417
SEILS;SEILS;test;SAE_D2_RVH_SEILS;VH;0.2;0.4;2;votes;0.25;0.4;289;0.4558303886925795;0.7712956113875086;0.4657039711191336;0.4463667820069204;129.0;148;160;0.4463667820069204;0.5342960288808665;0.5536332179930796;0.25674647092819214;0.126846581697464
SEILS;FMT_C;test;SAE_D2_RVH_SEILS;VH;0.2;0.4;2;votes;0.25;0.4;311;0;0;0.0;0.0;0.0;14;311;0.0;1.0;1.0;0.0;0.0
SEILS;SEILS;val;SAE_D2_RVH_SEILS;VH;0.2;0.4;2;votes;0.5;0.4;290;0.5242369838420109;0.7581917080988396;0.5468164794007491;0.503448275862069;146.0;121;144;0.503448275862069;0.45318352059925093;0.496551724137931;0.26042407751083374;0.1253742277622223
SEILS;Capitan;test;SAE_D2_RVH_SEILS;VH;0.2;0.4;2;votes;0.5;0.4;144;0.19266055045871558;0.7025880939217855;0.28378378378378377;0.14583333333333334;21.0;53;123;0.14583333333333334;0.7162162162162162;0.8541666666666666;0.055204350501298904;0.020081857219338417
SEILS;SEILS;test;SAE_D2_RVH_SEILS;VH;0.2;0.4;2;votes;0.5;0.4;289;0.4558303886925795;0.7712956113875086;0.4657039711191336;0.4463667820069204;129.0;148;160;0.4463667820069204;0.5342960288808665;0.5536332179930796;0.25674647092819214;0.126846581697464
SEILS;FMT_C;test;SAE_D2_RVH_SEILS;VH;0.2;0.4;2;votes;0.5;0.4;311;0;0;0.0;0.0;0.0;14;311;0.0;1.0;1.0;0.0;0.0
SEILS;SEILS;val;SAE_D2_RVH_SEILS;VH;0.2;0.4;2;votes;0.75;0.15;290;0.36489607390300227;0.7411281069605037;0.5524475524475524;0.27241379310344827;79.0;64;211;0.27241379310344827;0.44755244755244755;0.7275862068965517;0.08384627103805542;0.04215380176901817
SEILS;Capitan;test;SAE_D2_RVH_SEILS;VH;0.2;0.4;2;votes;0.75;0.15;144;0;0;0.0;0.0;0.0;0;144;0.0;0.0;1.0;0.0;0.0
SEILS;SEILS;test;SAE_D2_RVH_SEILS;VH;0.2;0.4;2;votes;0.75;0.15;289;0.3054187192118226;0.7853273000341594;0.5299145299145299;0.21453287197231835;62.0;55;227;0.21453287197231835;0.4700854700854701;0.7854671280276817;0.15255242586135864;0.08594469726085663
SEILS;FMT_C;test;SAE_D2_RVH_SEILS;VH;0.2;0.4;2;votes;0.75;0.15;311;0;0;0.0;0.0;0.0;0;311;0.0;0.0;1.0;0.0;0.0
SEILS;SEILS;val;SAE_D2_RVH_SEILS;VH;0.2;0.4;2;votes;1.0;0.15;290;0.36489607390300227;0.7411281069605037;0.5524475524475524;0.27241379310344827;79.0;64;211;0.27241379310344827;0.44755244755244755;0.7275862068965517;0.08384627103805542;0.04215380176901817
SEILS;Capitan;test;SAE_D2_RVH_SEILS;VH;0.2;0.4;2;votes;1.0;0.15;144;0;0;0.0;0.0;0.0;0;144;0.0;0.0;1.0;0.0;0.0
SEILS;SEILS;test;SAE_D2_RVH_SEILS;VH;0.2;0.4;2;votes;1.0;0.15;289;0.3054187192118226;0.7853273000341594;0.5299145299145299;0.21453287197231835;62.0;55;227;0.21453287197231835;0.4700854700854701;0.7854671280276817;0.15255242586135864;0.08594469726085663
SEILS;FMT_C;test;SAE_D2_RVH_SEILS;VH;0.2;0.4;2;votes;1.0;0.15;311;0;0;0.0;0.0;0.0;0;311;0.0;0.0;1.0;0.0;0.0
SEILS;SEILS;val;SAE_D2_RVH_SEILS;VH;0.2;0.5;2;votes;0.25;0.35;290;0.26046511627906976;0.7672381659902227;0.4;0.19310344827586207;56.0;84;234;0.19310344827586207;0.6;0.8068965517241379;0.06641342490911484;0.03371678665280342
SEILS;Capitan;test;SAE_D2_RVH_SEILS;VH;0.2;0.5;2;votes;0.25;0.35;144;0;0;0.0;0.0;0.0;6;144;0.0;1.0;1.0;0.0;0.0
SEILS;SEILS;test;SAE_D2_RVH_SEILS;VH;0.2;0.5;2;votes;0.25;0.35;289;0.1843971631205674;0.7527088860861748;0.291044776119403;0.13494809688581316;39.0;95;250;0.13494809688581316;0.7089552238805971;0.8650519031141869;0.04912388324737549;0.022295279428362846
SEILS;FMT_C;test;SAE_D2_RVH_SEILS;VH;0.2;0.5;2;votes;0.25;0.35;311;0;0;0.0;0.0;0.0;14;311;0.0;1.0;1.0;0.0;0.0
SEILS;SEILS;val;SAE_D2_RVH_SEILS;VH;0.2;0.5;2;votes;0.5;0.35;290;0.26046511627906976;0.7672381659902227;0.4;0.19310344827586207;56.0;84;234;0.19310344827586207;0.6;0.8068965517241379;0.06641342490911484;0.03371678665280342
SEILS;Capitan;test;SAE_D2_RVH_SEILS;VH;0.2;0.5;2;votes;0.5;0.35;144;0;0;0.0;0.0;0.0;6;144;0.0;1.0;1.0;0.0;0.0
SEILS;SEILS;test;SAE_D2_RVH_SEILS;VH;0.2;0.5;2;votes;0.5;0.35;289;0.1843971631205674;0.7527088860861748;0.291044776119403;0.13494809688581316;39.0;95;250;0.13494809688581316;0.7089552238805971;0.8650519031141869;0.04912388324737549;0.022295279428362846
SEILS;FMT_C;test;SAE_D2_RVH_SEILS;VH;0.2;0.5;2;votes;0.5;0.35;311;0;0;0.0;0.0;0.0;14;311;0.0;1.0;1.0;0.0;0.0
SEILS;SEILS;val;SAE_D2_RVH_SEILS;VH;0.2;0.5;2;votes;0.75;0.1;290;0.16716417910447762;0.7857189333280336;0.6222222222222222;0.09655172413793103;28.0;17;262;0.09655172413793103;0.37777777777777777;0.903448275862069;0.01795746199786663;0.006885495036840439
SEILS;Capitan;test;SAE_D2_RVH_SEILS;VH;0.2;0.5;2;votes;0.75;0.1;144;0;0;0.0;0.0;0.0;12;144;0.0;1.0;1.0;0.0;0.0
SEILS;SEILS;test;SAE_D2_RVH_SEILS;VH;0.2;0.5;2;votes;0.75;0.1;289;0.142433234421365;0.7035287050744866;0.5;0.08304498269896193;24.0;24;265;0.08304498269896193;0.5;0.916955017301038;0.054450277239084244;0.02344660274684429
SEILS;FMT_C;test;SAE_D2_RVH_SEILS;VH;0.2;0.5;2;votes;0.75;0.1;311;0;0;0.0;0.0;0.0;0;311;0.0;0.0;1.0;0.0;0.0
SEILS;SEILS;val;SAE_D2_RVH_SEILS;VH;0.2;0.5;2;votes;1.0;0.1;290;0.16716417910447762;0.7857189333280336;0.6222222222222222;0.09655172413793103;28.0;17;262;0.09655172413793103;0.37777777777777777;0.903448275862069;0.01795746199786663;0.006885495036840439
SEILS;Capitan;test;SAE_D2_RVH_SEILS;VH;0.2;0.5;2;votes;1.0;0.1;144;0;0;0.0;0.0;0.0;12;144;0.0;1.0;1.0;0.0;0.0
SEILS;SEILS;test;SAE_D2_RVH_SEILS;VH;0.2;0.5;2;votes;1.0;0.1;289;0.142433234421365;0.7035287050744866;0.5;0.08304498269896193;24.0;24;265;0.08304498269896193;0.5;0.916955017301038;0.054450277239084244;0.02344660274684429
SEILS;FMT_C;test;SAE_D2_RVH_SEILS;VH;0.2;0.5;2;votes;1.0;0.1;311;0;0;0.0;0.0;0.0;0;311;0.0;0.0;1.0;0.0;0.0
SEILS;SEILS;val;SAE_D2_RVH_SEILS;VH;0.2;0.1;5;votes;0.25;0.75;290;0.9392857142857144;0.8570881798105366;0.9740740740740741;0.906896551724138;263.0;7;27;0.906896551724138;0.025925925925925925;0.09310344827586207;0.807547926902771;0.48792213201522827
SEILS;Capitan;test;SAE_D2_RVH_SEILS;VH;0.2;0.1;5;votes;0.25;0.75;144;0;0;0.0;0.0;0.0;1;144;0.0;1.0;1.0;0.0;0.0
SEILS;SEILS;test;SAE_D2_RVH_SEILS;VH;0.2;0.1;5;votes;0.25;0.75;289;0.9357142857142858;0.8700571258677053;0.966789667896679;0.9065743944636678;262.0;9;27;0.9065743944636678;0.033210332103321034;0.09342560553633218;0.8772711753845215;0.6240613460540771
SEILS;FMT_C;test;SAE_D2_RVH_SEILS;VH;0.2;0.1;5;votes;0.25;0.75;311;0;0;0.0;0.0;0.0;0;311;0.0;0.0;1.0;0.0;0.0
SEILS;SEILS;val;SAE_D2_RVH_SEILS;VH;0.2;0.1;5;votes;0.5;0.7;290;0.9428571428571428;0.8562554568986044;0.9777777777777777;0.9103448275862069;264.0;6;26;0.9103448275862069;0.022222222222222223;0.0896551724137931;0.8283631801605225;0.5153459310531616
SEILS;Capitan;test;SAE_D2_RVH_SEILS;VH;0.2;0.1;5;votes;0.5;0.7;144;0;0;0.0;0.0;0.0;0;144;0.0;0.0;1.0;0.0;0.0
SEILS;SEILS;test;SAE_D2_RVH_SEILS;VH;0.2;0.1;5;votes;0.5;0.7;289;0.932142857142857;0.8700808306635359;0.9630996309963099;0.903114186851211;261.0;10;28;0.903114186851211;0.03690036900369004;0.09688581314878893;0.8739284873008728;0.6212825775146484
SEILS;FMT_C;test;SAE_D2_RVH_SEILS;VH;0.2;0.1;5;votes;0.5;0.7;311;0;0;0.0;0.0;0.0;0;311;0.0;0.0;1.0;0.0;0.0
SEILS;SEILS;val;SAE_D2_RVH_SEILS;VH;0.2;0.1;5;votes;0.75;0.6;290;0.9395017793594306;0.859477246183411;0.9705882352941176;0.9103448275862069;264.0;8;26;0.9103448275862069;0.029411764705882353;0.0896551724137931;0.82634037733078;0.5174401998519897
SEILS;Capitan;test;SAE_D2_RVH_SEILS;VH;0.2;0.1;5;votes;0.75;0.6;144;0;0;0.0;0.0;0.0;0;144;0.0;0.0;1.0;0.0;0.0
SEILS;SEILS;test;SAE_D2_RVH_SEILS;VH;0.2;0.1;5;votes;0.75;0.6;289;0.9357142857142858;0.8667369254518692;0.966789667896679;0.9065743944636678;262.0;9;27;0.9065743944636678;0.033210332103321034;0.09342560553633218;0.883987307548523;0.6191087961196899
SEILS;FMT_C;test;SAE_D2_RVH_SEILS;VH;0.2;0.1;5;votes;0.75;0.6;311;0;0;0.0;0.0;0.0;0;311;0.0;0.0;1.0;0.0;0.0
SEILS;SEILS;val;SAE_D2_RVH_SEILS;VH;0.2;0.1;5;votes;1.0;0.4;290;0.9304812834224598;0.8459513343154609;0.9630996309963099;0.9;261.0;10;29;0.9;0.03690036900369004;0.1;0.7248306274414062;0.4335099756717682
SEILS;Capitan;test;SAE_D2_RVH_SEILS;VH;0.2;0.1;5;votes;1.0;0.4;144;0;0;0.0;0.0;0.0;4;144;0.0;1.0;1.0;0.0;0.0
SEILS;SEILS;test;SAE_D2_RVH_SEILS;VH;0.2;0.1;5;votes;1.0;0.4;289;0.9;0.8639699220469809;0.9298892988929889;0.8719723183391004;252.0;19;37;0.8719723183391004;0.07011070110701106;0.12802768166089964;0.8264301419258118;0.5759280920028687
SEILS;FMT_C;test;SAE_D2_RVH_SEILS;VH;0.2;0.1;5;votes;1.0;0.4;311;0;0;0.0;0.0;0.0;0;311;0.0;0.0;1.0;0.0;0.0
SEILS;SEILS;val;SAE_D2_RVH_SEILS;VH;0.2;0.2;5;votes;0.25;0.65;290;0.9252669039145908;0.8511375311500777;0.9558823529411765;0.896551724137931;260.0;12;30;0.896551724137931;0.04411764705882353;0.10344827586206896;0.7579876780509949;0.45229047536849976
SEILS;Capitan;test;SAE_D2_RVH_SEILS;VH;0.2;0.2;5;votes;0.25;0.65;144;0.012987012987012986;0.5494735783261803;0.1;0.006944444444444444;1.0;9;143;0.006944444444444444;0.9;0.9930555555555556;0.0008680555620230734;0.0002475247601978481
SEILS;SEILS;test;SAE_D2_RVH_SEILS;VH;0.2;0.2;5;votes;0.25;0.65;289;0.9274336283185841;0.866362673553966;0.9492753623188406;0.9065743944636678;262.0;14;27;0.9065743944636678;0.050724637681159424;0.09342560553633218;0.8612908124923706;0.6096444725990295
SEILS;FMT_C;test;SAE_D2_RVH_SEILS;VH;0.2;0.2;5;votes;0.25;0.65;311;0;0;0.0;0.0;0.0;0;311;0.0;0.0;1.0;0.0;0.0
SEILS;SEILS;val;SAE_D2_RVH_SEILS;VH;0.2;0.2;5;votes;0.5;0.4;290;0.9217081850533807;0.8419283350738017;0.9522058823529411;0.8931034482758621;259.0;13;31;0.8931034482758621;0.04779411764705882;0.10689655172413794;0.754920482635498;0.451402485370636
SEILS;Capitan;test;SAE_D2_RVH_SEILS;VH;0.2;0.2;5;votes;0.5;0.4;144;0;0;0.0;0.0;0.0;3;144;0.0;1.0;1.0;0.0;0.0
SEILS;SEILS;test;SAE_D2_RVH_SEILS;VH;0.2;0.2;5;votes;0.5;0.4;289;0.9135802469135802;0.8599476866176915;0.9316546762589928;0.8961937716262975;259.0;19;30;0.8961937716262975;0.0683453237410072;0.10380622837370242;0.8425320982933044;0.5820389986038208
SEILS;FMT_C;test;SAE_D2_RVH_SEILS;VH;0.2;0.2;5;votes;0.5;0.4;311;0;0;0.0;0.0;0.0;0;311;0.0;0.0;1.0;0.0;0.0
SEILS;SEILS;val;SAE_D2_RVH_SEILS;VH;0.2;0.2;5;votes;0.75;0.25;290;0.9126559714795008;0.8340793006073983;0.9446494464944649;0.8827586206896552;256.0;15;34;0.8827586206896552;0.055350553505535055;0.11724137931034483;0.6539208292961121;0.3861784338951111
SEILS;Capitan;test;SAE_D2_RVH_SEILS;VH;0.2;0.2;5;votes;0.75;0.25;144;0;0;0.0;0.0;0.0;1;144;0.0;1.0;1.0;0.0;0.0
SEILS;SEILS;test;SAE_D2_RVH_SEILS;VH;0.2;0.2;5;votes;0.75;0.25;289;0.9097345132743363;0.8519026872341592;0.9311594202898551;0.889273356401384;257.0;19;32;0.889273356401384;0.06884057971014493;0.11072664359861592;0.841097891330719;0.568579375743866
SEILS;FMT_C;test;SAE_D2_RVH_SEILS;VH;0.2;0.2;5;votes;0.75;0.25;311;0;0;0.0;0.0;0.0;0;311;0.0;0.0;1.0;0.0;0.0
SEILS;SEILS;val;SAE_D2_RVH_SEILS;VH;0.2;0.2;5;votes;1.0;0.1;290;0.7585034013605441;0.8125302541746405;0.7483221476510067;0.7689655172413793;223.0;75;67;0.7689655172413793;0.2516778523489933;0.23103448275862068;0.3555949926376343;0.1978553831577301
SEILS;Capitan;test;SAE_D2_RVH_SEILS;VH;0.2;0.2;5;votes;1.0;0.1;144;0;0;0.0;0.0;0.0;0;144;0.0;0.0;1.0;0.0;0.0
SEILS;SEILS;test;SAE_D2_RVH_SEILS;VH;0.2;0.2;5;votes;1.0;0.1;289;0.7563884156729133;0.8192636045133599;0.7449664429530202;0.7681660899653979;222.0;76;67;0.7681660899653979;0.2550335570469799;0.23183391003460208;0.5954487323760986;0.350910484790802
SEILS;FMT_C;test;SAE_D2_RVH_SEILS;VH;0.2;0.2;5;votes;1.0;0.1;311;0;0;0.0;0.0;0.0;0;311;0.0;0.0;1.0;0.0;0.0
SEILS;SEILS;val;SAE_D2_RVH_SEILS;VH;0.2;0.3;5;votes;0.25;0.4;290;0.892361111111111;0.8252053104336741;0.8986013986013986;0.8862068965517241;257.0;29;33;0.8862068965517241;0.10139860139860139;0.11379310344827587;0.656634509563446;0.36967504024505615
SEILS;Capitan;test;SAE_D2_RVH_SEILS;VH;0.2;0.3;5;votes;0.25;0.4;144;0;0;0.0;0.0;0.0;16;144;0.0;1.0;1.0;0.0;0.0
SEILS;SEILS;test;SAE_D2_RVH_SEILS;VH;0.2;0.3;5;votes;0.25;0.4;289;0.8927943760984183;0.8377950420931581;0.9071428571428571;0.8788927335640139;254.0;26;35;0.8788927335640139;0.09285714285714286;0.12110726643598616;0.7972812652587891;0.5114461183547974
SEILS;FMT_C;test;SAE_D2_RVH_SEILS;VH;0.2;0.3;5;votes;0.25;0.4;311;0;0;0.0;0.0;0.0;34;311;0.0;1.0;1.0;0.0;0.0
SEILS;SEILS;val;SAE_D2_RVH_SEILS;VH;0.2;0.3;5;votes;0.5;0.2;290;0.875219683655536;0.8264837200958199;0.8924731182795699;0.8586206896551725;249.0;30;41;0.8586206896551725;0.10752688172043011;0.1413793103448276;0.5257002711296082;0.28965309262275696
SEILS;Capitan;test;SAE_D2_RVH_SEILS;VH;0.2;0.3;5;votes;0.5;0.2;144;0;0;0.0;0.0;0.0;0;144;0.0;0.0;1.0;0.0;0.0
SEILS;SEILS;test;SAE_D2_RVH_SEILS;VH;0.2;0.3;5;votes;0.5;0.2;289;0.8884955752212389;0.8363913073183122;0.9094202898550725;0.8685121107266436;251.0;25;38;0.8685121107266436;0.09057971014492754;0.1314878892733564;0.8093574047088623;0.5139853954315186
SEILS;FMT_C;test;SAE_D2_RVH_SEILS;VH;0.2;0.3;5;votes;0.5;0.2;311;0;0;0.0;0.0;0.0;2;311;0.0;1.0;1.0;0.0;0.0
SEILS;SEILS;val;SAE_D2_RVH_SEILS;VH;0.2;0.3;5;votes;0.75;0.1;290;0.7426597582037997;0.8030491220706838;0.7439446366782007;0.7413793103448276;215.0;74;75;0.7413793103448276;0.2560553633217993;0.25862068965517243;0.2576276659965515;0.12805768847465515
SEILS;Capitan;test;SAE_D2_RVH_SEILS;VH;0.2;0.3;5;votes;0.75;0.1;144;0;0;0.0;0.0;0.0;0;144;0.0;0.0;1.0;0.0;0.0
SEILS;SEILS;test;SAE_D2_RVH_SEILS;VH;0.2;0.3;5;votes;0.75;0.1;289;0.7304964539007092;0.8212884874784864;0.7490909090909091;0.71280276816609;206.0;69;83;0.71280276816609;0.2509090909090909;0.28719723183391005;0.5648940801620483;0.3411489725112915
SEILS;FMT_C;test;SAE_D2_RVH_SEILS;VH;0.2;0.3;5;votes;0.75;0.1;311;0;0;0.0;0.0;0.0;0;311;0.0;0.0;1.0;0.0;0.0
SEILS;SEILS;val;SAE_D2_RVH_SEILS;VH;0.2;0.3;5;votes;1.0;0.1;290;0.35714285714285715;0.7978591781238333;0.4205607476635514;0.3103448275862069;90.0;124;200;0.3103448275862069;0.5794392523364486;0.6896551724137931;0.05676953122019768;0.027550959959626198
SEILS;Capitan;test;SAE_D2_RVH_SEILS;VH;0.2;0.3;5;votes;1.0;0.1;144;0;0;0.0;0.0;0.0;0;144;0.0;0.0;1.0;0.0;0.0
SEILS;SEILS;test;SAE_D2_RVH_SEILS;VH;0.2;0.3;5;votes;1.0;0.1;289;0.4115226337448559;0.7819430506758132;0.5076142131979695;0.3460207612456747;100.0;97;189;0.3460207612456747;0.49238578680203043;0.6539792387543253;0.1859910488128662;0.09555433690547943
SEILS;FMT_C;test;SAE_D2_RVH_SEILS;VH;0.2;0.3;5;votes;1.0;0.1;311;0;0;0.0;0.0;0.0;0;311;0.0;0.0;1.0;0.0;0.0
SEILS;SEILS;val;SAE_D2_RVH_SEILS;VH;0.2;0.4;5;votes;0.25;0.4;290;0.5763358778625954;0.7854573256707255;0.6452991452991453;0.5206896551724138;151.0;83;139;0.5206896551724138;0.3547008547008547;0.4793103448275862;0.322409451007843;0.16708041727542877
SEILS;Capitan;test;SAE_D2_RVH_SEILS;VH;0.2;0.4;5;votes;0.25;0.4;144;0;0;0.0;0.0;0.0;7;144;0.0;1.0;1.0;0.0;0.0
SEILS;SEILS;test;SAE_D2_RVH_SEILS;VH;0.2;0.4;5;votes;0.25;0.4;289;0.5958254269449715;0.8148713215926099;0.6596638655462185;0.5432525951557093;157.0;81;132;0.5432525951557093;0.3403361344537815;0.45674740484429066;0.3947639465332031;0.22794310748577118
SEILS;FMT_C;test;SAE_D2_RVH_SEILS;VH;0.2;0.4;5;votes;0.25;0.4;311;0;0;0.0;0.0;0.0;4;311;0.0;1.0;1.0;0.0;0.0
SEILS;SEILS;val;SAE_D2_RVH_SEILS;VH;0.2;0.4;5;votes;0.5;0.1;290;0.5735849056603772;0.806988722250713;0.6333333333333333;0.5241379310344828;152.0;88;138;0.5241379310344828;0.36666666666666664;0.47586206896551725;0.14961451292037964;0.07489249110221863
SEILS;Capitan;test;SAE_D2_RVH_SEILS;VH;0.2;0.4;5;votes;0.5;0.1;144;0;0;0.0;0.0;0.0;18;144;0.0;1.0;1.0;0.0;0.0
SEILS;SEILS;test;SAE_D2_RVH_SEILS;VH;0.2;0.4;5;votes;0.5;0.1;289;0.5703125;0.8026637526876569;0.6547085201793722;0.5051903114186851;146.0;77;143;0.5051903114186851;0.3452914798206278;0.49480968858131485;0.39050865173339844;0.22193746268749237
SEILS;FMT_C;test;SAE_D2_RVH_SEILS;VH;0.2;0.4;5;votes;0.5;0.1;311;0;0;0.0;0.0;0.0;23;311;0.0;1.0;1.0;0.0;0.0
SEILS;SEILS;val;SAE_D2_RVH_SEILS;VH;0.2;0.4;5;votes;0.75;0.1;290;0.31100478468899523;0.779693697095309;0.5078125;0.22413793103448276;65.0;63;225;0.22413793103448276;0.4921875;0.7758620689655172;0.030224191024899483;0.01218459289520979
SEILS;Capitan;test;SAE_D2_RVH_SEILS;VH;0.2;0.4;5;votes;0.75;0.1;144;0;0;0.0;0.0;0.0;0;144;0.0;0.0;1.0;0.0;0.0
SEILS;SEILS;test;SAE_D2_RVH_SEILS;VH;0.2;0.4;5;votes;0.75;0.1;289;0.32380952380952377;0.7612561862087199;0.5190839694656488;0.23529411764705882;68.0;63;221;0.23529411764705882;0.48091603053435117;0.7647058823529411;0.15637943148612976;0.07841286063194275
SEILS;FMT_C;test;SAE_D2_RVH_SEILS;VH;0.2;0.4;5;votes;0.75;0.1;311;0;0;0.0;0.0;0.0;0;311;0.0;0.0;1.0;0.0;0.0
SEILS;SEILS;val;SAE_D2_RVH_SEILS;VH;0.2;0.4;5;votes;1.0;0.1;290;0.05952380952380953;0.7088744443116378;0.21739130434782608;0.034482758620689655;10.0;36;280;0.034482758620689655;0.782608695652174;0.9655172413793104;0.00038367780507542193;0.0005221526371315122
SEILS;Capitan;test;SAE_D2_RVH_SEILS;VH;0.2;0.4;5;votes;1.0;0.1;144;0;0;0.0;0.0;0.0;0;144;0.0;0.0;1.0;0.0;0.0
SEILS;SEILS;test;SAE_D2_RVH_SEILS;VH;0.2;0.4;5;votes;1.0;0.1;289;0.0243161094224924;0.8516455781825942;0.1;0.01384083044982699;4.0;36;285;0.01384083044982699;0.9;0.986159169550173;0.0018454440869390965;0.0019342803861945868
SEILS;FMT_C;test;SAE_D2_RVH_SEILS;VH;0.2;0.4;5;votes;1.0;0.1;311;0;0;0.0;0.0;0.0;0;311;0.0;0.0;1.0;0.0;0.0
SEILS;SEILS;val;SAE_D2_RVH_SEILS;VH;0.2;0.5;5;votes;0.25;0.2;290;0.37004405286343617;0.7754180407119362;0.5121951219512195;0.2896551724137931;84.0;80;206;0.2896551724137931;0.4878048780487805;0.7103448275862069;0.1088096871972084;0.05403783172369003
SEILS;Capitan;test;SAE_D2_RVH_SEILS;VH;0.2;0.5;5;votes;0.25;0.2;144;0;0;0.0;0.0;0.0;0;144;0.0;0.0;1.0;0.0;0.0
SEILS;SEILS;test;SAE_D2_RVH_SEILS;VH;0.2;0.5;5;votes;0.25;0.2;289;0.3295194508009154;0.7798933962437705;0.4864864864864865;0.2491349480968858;72.0;76;217;0.2491349480968858;0.5135135135135135;0.7508650519031141;0.1373540312051773;0.0671100839972496
SEILS;FMT_C;test;SAE_D2_RVH_SEILS;VH;0.2;0.5;5;votes;0.25;0.2;311;0;0;0.0;0.0;0.0;0;311;0.0;0.0;1.0;0.0;0.0
SEILS;SEILS;val;SAE_D2_RVH_SEILS;VH;0.2;0.5;5;votes;0.5;0.1;290;0.09883720930232558;0.7581839319814786;0.3148148148148148;0.05862068965517241;17.0;37;273;0.05862068965517241;0.6851851851851852;0.9413793103448276;0.0024225846864283085;0.001409419346600771
SEILS;Capitan;test;SAE_D2_RVH_SEILS;VH;0.2;0.5;5;votes;0.5;0.1;144;0;0;0.0;0.0;0.0;0;144;0.0;0.0;1.0;0.0;0.0
SEILS;SEILS;test;SAE_D2_RVH_SEILS;VH;0.2;0.5;5;votes;0.5;0.1;289;0.0736543909348442;0.7477382840842312;0.203125;0.04498269896193772;13.0;51;276;0.04498269896193772;0.796875;0.9550173010380623;0.014767599292099476;0.0065010711550712585
SEILS;FMT_C;test;SAE_D2_RVH_SEILS;VH;0.2;0.5;5;votes;0.5;0.1;311;0;0;0.0;0.0;0.0;0;311;0.0;0.0;1.0;0.0;0.0
SEILS;SEILS;val;SAE_D2_RVH_SEILS;VH;0.2;0.5;5;votes;0.75;0.9;290;0;0;0.0;0.0;0.0;0;290;0.0;0.0;1.0;0.0;0.0
SEILS;Capitan;test;SAE_D2_RVH_SEILS;VH;0.2;0.5;5;votes;0.75;0.9;144;0;0;0.0;0.0;0.0;0;144;0.0;0.0;1.0;0.0;0.0
SEILS;SEILS;test;SAE_D2_RVH_SEILS;VH;0.2;0.5;5;votes;0.75;0.9;289;0;0;0.0;0.0;0.0;0;289;0.0;0.0;1.0;0.0;0.0
SEILS;FMT_C;test;SAE_D2_RVH_SEILS;VH;0.2;0.5;5;votes;0.75;0.9;311;0;0;0.0;0.0;0.0;0;311;0.0;0.0;1.0;0.0;0.0
SEILS;SEILS;val;SAE_D2_RVH_SEILS;VH;0.2;0.5;5;votes;1.0;0.9;290;0;0;0.0;0.0;0.0;0;290;0.0;0.0;1.0;0.0;0.0
SEILS;Capitan;test;SAE_D2_RVH_SEILS;VH;0.2;0.5;5;votes;1.0;0.9;144;0;0;0.0;0.0;0.0;0;144;0.0;0.0;1.0;0.0;0.0
SEILS;SEILS;test;SAE_D2_RVH_SEILS;VH;0.2;0.5;5;votes;1.0;0.9;289;0;0;0.0;0.0;0.0;0;289;0.0;0.0;1.0;0.0;0.0
SEILS;FMT_C;test;SAE_D2_RVH_SEILS;VH;0.2;0.5;5;votes;1.0;0.9;311;0;0;0.0;0.0;0.0;0;311;0.0;0.0;1.0;0.0;0.0
SEILS;SEILS;val;SAE_D2_RVH_SEILS;VH;0.2;0.1;25;votes;0.25;0.7;290;0.9428571428571428;0.8591845525287103;0.9777777777777777;0.9103448275862069;264.0;6;26;0.9103448275862069;0.022222222222222223;0.0896551724137931;0.8166065216064453;0.4954332709312439
SEILS;Capitan;test;SAE_D2_RVH_SEILS;VH;0.2;0.1;25;votes;0.25;0.7;144;0;0;0.0;0.0;0.0;2;144;0.0;1.0;1.0;0.0;0.0
SEILS;SEILS;test;SAE_D2_RVH_SEILS;VH;0.2;0.1;25;votes;0.25;0.7;289;0.932142857142857;0.8792727468957441;0.9630996309963099;0.903114186851211;261.0;10;28;0.903114186851211;0.03690036900369004;0.09688581314878893;0.8717041611671448;0.6482377052307129
SEILS;FMT_C;test;SAE_D2_RVH_SEILS;VH;0.2;0.1;25;votes;0.25;0.7;311;0;0;0.0;0.0;0.0;0;311;0.0;0.0;1.0;0.0;0.0
SEILS;SEILS;val;SAE_D2_RVH_SEILS;VH;0.2;0.1;25;votes;0.5;0.6;290;0.9428571428571428;0.8635301303419767;0.9777777777777777;0.9103448275862069;264.0;6;26;0.9103448275862069;0.022222222222222223;0.0896551724137931;0.8357283473014832;0.5280683636665344
SEILS;Capitan;test;SAE_D2_RVH_SEILS;VH;0.2;0.1;25;votes;0.5;0.6;144;0;0;0.0;0.0;0.0;0;144;0.0;0.0;1.0;0.0;0.0
SEILS;SEILS;test;SAE_D2_RVH_SEILS;VH;0.2;0.1;25;votes;0.5;0.6;289;0.932142857142857;0.8801130523835645;0.9630996309963099;0.903114186851211;261.0;10;28;0.903114186851211;0.03690036900369004;0.09688581314878893;0.8720872402191162;0.6519598960876465
SEILS;FMT_C;test;SAE_D2_RVH_SEILS;VH;0.2;0.1;25;votes;0.5;0.6;311;0;0;0.0;0.0;0.0;0;311;0.0;0.0;1.0;0.0;0.0
SEILS;SEILS;val;SAE_D2_RVH_SEILS;VH;0.2;0.1;25;votes;0.75;0.4;290;0.9392857142857144;0.858379807657563;0.9740740740740741;0.906896551724138;263.0;7;27;0.906896551724138;0.025925925925925925;0.09310344827586207;0.8040784597396851;0.5040405988693237
SEILS;Capitan;test;SAE_D2_RVH_SEILS;VH;0.2;0.1;25;votes;0.75;0.4;144;0;0;0.0;0.0;0.0;0;144;0.0;0.0;1.0;0.0;0.0
SEILS;SEILS;test;SAE_D2_RVH_SEILS;VH;0.2;0.1;25;votes;0.75;0.4;289;0.9285714285714287;0.8739992953984641;0.959409594095941;0.8996539792387543;260.0;11;29;0.8996539792387543;0.04059040590405904;0.10034602076124567;0.8722149133682251;0.6393993496894836
SEILS;FMT_C;test;SAE_D2_RVH_SEILS;VH;0.2;0.1;25;votes;0.75;0.4;311;0;0;0.0;0.0;0.0;0;311;0.0;0.0;1.0;0.0;0.0
SEILS;SEILS;val;SAE_D2_RVH_SEILS;VH;0.2;0.1;25;votes;1.0;0.1;290;0.8787346221441125;0.8264604060828887;0.8960573476702509;0.8620689655172413;250.0;29;40;0.8620689655172413;0.1039426523297491;0.13793103448275862;0.4713537096977234;0.25885504484176636
SEILS;Capitan;test;SAE_D2_RVH_SEILS;VH;0.2;0.1;25;votes;1.0;0.1;144;0;0;0.0;0.0;0.0;0;144;0.0;0.0;1.0;0.0;0.0
SEILS;SEILS;test;SAE_D2_RVH_SEILS;VH;0.2;0.1;25;votes;1.0;0.1;289;0.8794326241134752;0.8380904664549779;0.9018181818181819;0.8581314878892734;248.0;27;41;0.8581314878892734;0.09818181818181818;0.14186851211072665;0.786885678768158;0.5210012197494507
SEILS;FMT_C;test;SAE_D2_RVH_SEILS;VH;0.2;0.1;25;votes;1.0;0.1;311;0;0;0.0;0.0;0.0;0;311;0.0;0.0;1.0;0.0;0.0
SEILS;SEILS;val;SAE_D2_RVH_SEILS;VH;0.2;0.2;25;votes;0.25;0.75;290;0.9428571428571428;0.8554168317727923;0.9777777777777777;0.9103448275862069;264.0;6;26;0.9103448275862069;0.022222222222222223;0.0896551724137931;0.7860381007194519;0.470118910074234
SEILS;Capitan;test;SAE_D2_RVH_SEILS;VH;0.2;0.2;25;votes;0.25;0.75;144;0;0;0.0;0.0;0.0;0;144;0.0;0.0;1.0;0.0;0.0
SEILS;SEILS;test;SAE_D2_RVH_SEILS;VH;0.2;0.2;25;votes;0.25;0.75;289;0.9338103756708407;0.8750679054315296;0.9666666666666667;0.903114186851211;261.0;9;28;0.903114186851211;0.03333333333333333;0.09688581314878893;0.8772796988487244;0.6411947011947632
SEILS;FMT_C;test;SAE_D2_RVH_SEILS;VH;0.2;0.2;25;votes;0.25;0.75;311;0;0;0.0;0.0;0.0;0;311;0.0;0.0;1.0;0.0;0.0
SEILS;SEILS;val;SAE_D2_RVH_SEILS;VH;0.2;0.2;25;votes;0.5;0.6;290;0.9428571428571428;0.8462648518881775;0.9777777777777777;0.9103448275862069;264.0;6;26;0.9103448275862069;0.022222222222222223;0.0896551724137931;0.7918816208839417;0.48743200302124023
SEILS;Capitan;test;SAE_D2_RVH_SEILS;VH;0.2;0.2;25;votes;0.5;0.6;144;0;0;0.0;0.0;0.0;0;144;0.0;0.0;1.0;0.0;0.0
SEILS;SEILS;test;SAE_D2_RVH_SEILS;VH;0.2;0.2;25;votes;0.5;0.6;289;0.9269162210338681;0.8669494715912035;0.9558823529411765;0.8996539792387543;260.0;12;29;0.8996539792387543;0.04411764705882353;0.10034602076124567;0.8643994331359863;0.612714409828186
SEILS;FMT_C;test;SAE_D2_RVH_SEILS;VH;0.2;0.2;25;votes;0.5;0.6;311;0;0;0.0;0.0;0.0;0;311;0.0;0.0;1.0;0.0;0.0
SEILS;SEILS;val;SAE_D2_RVH_SEILS;VH;0.2;0.2;25;votes;0.75;0.25;290;0.9219858156028369;0.8448825053177531;0.948905109489051;0.896551724137931;260.0;14;30;0.896551724137931;0.051094890510948905;0.10344827586206896;0.6329491138458252;0.3617710769176483
SEILS;Capitan;test;SAE_D2_RVH_SEILS;VH;0.2;0.2;25;votes;0.75;0.25;144;0;0;0.0;0.0;0.0;0;144;0.0;0.0;1.0;0.0;0.0
SEILS;SEILS;test;SAE_D2_RVH_SEILS;VH;0.2;0.2;25;votes;0.75;0.25;289;0.9145907473309609;0.8582511824169862;0.9413919413919414;0.889273356401384;257.0;16;32;0.889273356401384;0.05860805860805861;0.11072664359861592;0.8456568717956543;0.5887123942375183
SEILS;FMT_C;test;SAE_D2_RVH_SEILS;VH;0.2;0.2;25;votes;0.75;0.25;311;0;0;0.0;0.0;0.0;0;311;0.0;0.0;1.0;0.0;0.0
SEILS;SEILS;val;SAE_D2_RVH_SEILS;VH;0.2;0.2;25;votes;1.0;0.1;290;0.27915869980879543;0.7714479154659956;0.3133047210300429;0.2517241379310345;73.0;160;217;0.2517241379310345;0.6866952789699571;0.7482758620689656;0.03660587593913078;0.019263392314314842
SEILS;Capitan;test;SAE_D2_RVH_SEILS;VH;0.2;0.2;25;votes;1.0;0.1;144;0;0;0.0;0.0;0.0;0;144;0.0;0.0;1.0;0.0;0.0
SEILS;SEILS;test;SAE_D2_RVH_SEILS;VH;0.2;0.2;25;votes;1.0;0.1;289;0.31683168316831684;0.8082558319082687;0.37037037037037035;0.2768166089965398;80.0;136;209;0.2768166089965398;0.6296296296296297;0.7231833910034602;0.11978239566087723;0.06741273403167725
SEILS;FMT_C;test;SAE_D2_RVH_SEILS;VH;0.2;0.2;25;votes;1.0;0.1;311;0;0;0.0;0.0;0.0;0;311;0.0;0.0;1.0;0.0;0.0
SEILS;SEILS;val;SAE_D2_RVH_SEILS;VH;0.2;0.3;25;votes;0.25;0.7;290;0.911660777385159;0.8322464545952404;0.9347826086956522;0.8896551724137931;258.0;18;32;0.8896551724137931;0.06521739130434782;0.1103448275862069;0.732298731803894;0.4336893558502197
SEILS;Capitan;test;SAE_D2_RVH_SEILS;VH;0.2;0.3;25;votes;0.25;0.7;144;0;0;0.0;0.0;0.0;1;144;0.0;1.0;1.0;0.0;0.0
SEILS;SEILS;test;SAE_D2_RVH_SEILS;VH;0.2;0.3;25;votes;0.25;0.7;289;0.887719298245614;0.8489473444207816;0.900355871886121;0.8754325259515571;253.0;28;36;0.8754325259515571;0.099644128113879;0.1245674740484429;0.816410481929779;0.5393862128257751
SEILS;FMT_C;test;SAE_D2_RVH_SEILS;VH;0.2;0.3;25;votes;0.25;0.7;311;0;0;0.0;0.0;0.0;0;311;0.0;0.0;1.0;0.0;0.0
SEILS;SEILS;val;SAE_D2_RVH_SEILS;VH;0.2;0.3;25;votes;0.5;0.15;290;0.9090909090909091;0.8352627805895158;0.940959409594096;0.8793103448275862;255.0;16;35;0.8793103448275862;0.05904059040590406;0.1206896551724138;0.5413632392883301;0.3026183247566223
SEILS;Capitan;test;SAE_D2_RVH_SEILS;VH;0.2;0.3;25;votes;0.5;0.15;144;0;0;0.0;0.0;0.0;0;144;0.0;0.0;1.0;0.0;0.0
SEILS;SEILS;test;SAE_D2_RVH_SEILS;VH;0.2;0.3;25;votes;0.5;0.15;289;0.9145907473309609;0.8431192365714363;0.9413919413919414;0.889273356401384;257.0;16;32;0.889273356401384;0.05860805860805861;0.11072664359861592;0.842522382736206;0.5558292865753174
SEILS;FMT_C;test;SAE_D2_RVH_SEILS;VH;0.2;0.3;25;votes;0.5;0.15;311;0;0;0.0;0.0;0.0;0;311;0.0;0.0;1.0;0.0;0.0
SEILS;SEILS;val;SAE_D2_RVH_SEILS;VH;0.2;0.3;25;votes;0.75;0.1;290;0.6701030927835051;0.8125151969351373;0.6678082191780822;0.6724137931034483;195.0;97;95;0.6724137931034483;0.3321917808219178;0.3275862068965517;0.11120574921369553;0.050185251981019974
SEILS;Capitan;test;SAE_D2_RVH_SEILS;VH;0.2;0.3;25;votes;0.75;0.1;144;0;0;0.0;0.0;0.0;0;144;0.0;0.0;1.0;0.0;0.0
SEILS;SEILS;test;SAE_D2_RVH_SEILS;VH;0.2;0.3;25;votes;0.75;0.1;289;0.6542372881355932;0.8180803447933299;0.6411960132890365;0.6678200692041523;193.0;108;96;0.6678200692041523;0.3588039867109635;0.33217993079584773;0.4876268208026886;0.29275962710380554
SEILS;FMT_C;test;SAE_D2_RVH_SEILS;VH;0.2;0.3;25;votes;0.75;0.1;311;0;0;0.0;0.0;0.0;0;311;0.0;0.0;1.0;0.0;0.0
SEILS;SEILS;val;SAE_D2_RVH_SEILS;VH;0.2;0.3;25;votes;1.0;0.9;290;0;0;0.0;0.0;0.0;0;290;0.0;0.0;1.0;0.0;0.0
SEILS;Capitan;test;SAE_D2_RVH_SEILS;VH;0.2;0.3;25;votes;1.0;0.9;144;0;0;0.0;0.0;0.0;0;144;0.0;0.0;1.0;0.0;0.0
SEILS;SEILS;test;SAE_D2_RVH_SEILS;VH;0.2;0.3;25;votes;1.0;0.9;289;0;0;0.0;0.0;0.0;0;289;0.0;0.0;1.0;0.0;0.0
SEILS;FMT_C;test;SAE_D2_RVH_SEILS;VH;0.2;0.3;25;votes;1.0;0.9;311;0;0;0.0;0.0;0.0;0;311;0.0;0.0;1.0;0.0;0.0
SEILS;SEILS;val;SAE_D2_RVH_SEILS;VH;0.2;0.4;25;votes;0.25;0.15;290;0.823943661971831;0.8238977541515349;0.841726618705036;0.8068965517241379;234.0;44;56;0.8068965517241379;0.15827338129496402;0.19310344827586207;0.480842649936676;0.27139902114868164
SEILS;Capitan;test;SAE_D2_RVH_SEILS;VH;0.2;0.4;25;votes;0.25;0.15;144;0;0;0.0;0.0;0.0;13;144;0.0;1.0;1.0;0.0;0.0
SEILS;SEILS;test;SAE_D2_RVH_SEILS;VH;0.2;0.4;25;votes;0.25;0.15;289;0.8289241622574957;0.8251299466604068;0.8453237410071942;0.8131487889273357;235.0;43;54;0.8131487889273357;0.15467625899280577;0.18685121107266436;0.7268272638320923;0.4447398781776428
SEILS;FMT_C;test;SAE_D2_RVH_SEILS;VH;0.2;0.4;25;votes;0.25;0.15;311;0;0;0.0;0.0;0.0;0;311;0.0;0.0;1.0;0.0;0.0
SEILS;SEILS;val;SAE_D2_RVH_SEILS;VH;0.2;0.4;25;votes;0.5;0.1;290;0.4644194756554307;0.7853396129405075;0.5081967213114754;0.42758620689655175;124.0;120;166;0.42758620689655175;0.4918032786885246;0.5724137931034483;0.04244635999202728;0.018677907064557076
SEILS;Capitan;test;SAE_D2_RVH_SEILS;VH;0.2;0.4;25;votes;0.5;0.1;144;0;0;0.0;0.0;0.0;0;144;0.0;0.0;1.0;0.0;0.0
SEILS;SEILS;test;SAE_D2_RVH_SEILS;VH;0.2;0.4;25;votes;0.5;0.1;289;0.44765342960288806;0.7819827265962316;0.4679245283018868;0.4290657439446367;124.0;141;165;0.4290657439446367;0.5320754716981132;0.5709342560553633;0.2764540910720825;0.14550212025642395
SEILS;FMT_C;test;SAE_D2_RVH_SEILS;VH;0.2;0.4;25;votes;0.5;0.1;311;0;0;0.0;0.0;0.0;0;311;0.0;0.0;1.0;0.0;0.0
SEILS;SEILS;val;SAE_D2_RVH_SEILS;VH;0.2;0.4;25;votes;0.75;0.9;290;0;0;0.0;0.0;0.0;0;290;0.0;0.0;1.0;0.0;0.0
SEILS;Capitan;test;SAE_D2_RVH_SEILS;VH;0.2;0.4;25;votes;0.75;0.9;144;0;0;0.0;0.0;0.0;0;144;0.0;0.0;1.0;0.0;0.0
SEILS;SEILS;test;SAE_D2_RVH_SEILS;VH;0.2;0.4;25;votes;0.75;0.9;289;0;0;0.0;0.0;0.0;0;289;0.0;0.0;1.0;0.0;0.0
SEILS;FMT_C;test;SAE_D2_RVH_SEILS;VH;0.2;0.4;25;votes;0.75;0.9;311;0;0;0.0;0.0;0.0;0;311;0.0;0.0;1.0;0.0;0.0
SEILS;SEILS;val;SAE_D2_RVH_SEILS;VH;0.2;0.4;25;votes;1.0;0.9;290;0;0;0.0;0.0;0.0;0;290;0.0;0.0;1.0;0.0;0.0
SEILS;Capitan;test;SAE_D2_RVH_SEILS;VH;0.2;0.4;25;votes;1.0;0.9;144;0;0;0.0;0.0;0.0;0;144;0.0;0.0;1.0;0.0;0.0
SEILS;SEILS;test;SAE_D2_RVH_SEILS;VH;0.2;0.4;25;votes;1.0;0.9;289;0;0;0.0;0.0;0.0;0;289;0.0;0.0;1.0;0.0;0.0
SEILS;FMT_C;test;SAE_D2_RVH_SEILS;VH;0.2;0.4;25;votes;1.0;0.9;311;0;0;0.0;0.0;0.0;0;311;0.0;0.0;1.0;0.0;0.0
SEILS;SEILS;val;SAE_D2_RVH_SEILS;VH;0.2;0.5;25;votes;0.25;0.1;290;0.23728813559322035;0.7660308818770917;0.3076923076923077;0.19310344827586207;56.0;126;234;0.19310344827586207;0.6923076923076923;0.8068965517241379;0.034590937197208405;0.01607551798224449
SEILS;Capitan;test;SAE_D2_RVH_SEILS;VH;0.2;0.5;25;votes;0.25;0.1;144;0;0;0.0;0.0;0.0;2;144;0.0;1.0;1.0;0.0;0.0
SEILS;SEILS;test;SAE_D2_RVH_SEILS;VH;0.2;0.5;25;votes;0.25;0.1;289;0.24789915966386555;0.781020912359644;0.3155080213903743;0.2041522491349481;59.0;128;230;0.2041522491349481;0.6844919786096256;0.7958477508650519;0.10910270363092422;0.06526894867420197
SEILS;FMT_C;test;SAE_D2_RVH_SEILS;VH;0.2;0.5;25;votes;0.25;0.1;311;0;0;0.0;0.0;0.0;0;311;0.0;0.0;1.0;0.0;0.0
SEILS;SEILS;val;SAE_D2_RVH_SEILS;VH;0.2;0.5;25;votes;0.5;0.9;290;0;0;0.0;0.0;0.0;0;290;0.0;0.0;1.0;0.0;0.0
SEILS;Capitan;test;SAE_D2_RVH_SEILS;VH;0.2;0.5;25;votes;0.5;0.9;144;0;0;0.0;0.0;0.0;0;144;0.0;0.0;1.0;0.0;0.0
SEILS;SEILS;test;SAE_D2_RVH_SEILS;VH;0.2;0.5;25;votes;0.5;0.9;289;0;0;0.0;0.0;0.0;0;289;0.0;0.0;1.0;0.0;0.0
SEILS;FMT_C;test;SAE_D2_RVH_SEILS;VH;0.2;0.5;25;votes;0.5;0.9;311;0;0;0.0;0.0;0.0;0;311;0.0;0.0;1.0;0.0;0.0
SEILS;SEILS;val;SAE_D2_RVH_SEILS;VH;0.2;0.5;25;votes;0.75;0.9;290;0;0;0.0;0.0;0.0;0;290;0.0;0.0;1.0;0.0;0.0
SEILS;Capitan;test;SAE_D2_RVH_SEILS;VH;0.2;0.5;25;votes;0.75;0.9;144;0;0;0.0;0.0;0.0;0;144;0.0;0.0;1.0;0.0;0.0
SEILS;SEILS;test;SAE_D2_RVH_SEILS;VH;0.2;0.5;25;votes;0.75;0.9;289;0;0;0.0;0.0;0.0;0;289;0.0;0.0;1.0;0.0;0.0
SEILS;FMT_C;test;SAE_D2_RVH_SEILS;VH;0.2;0.5;25;votes;0.75;0.9;311;0;0;0.0;0.0;0.0;0;311;0.0;0.0;1.0;0.0;0.0
SEILS;SEILS;val;SAE_D2_RVH_SEILS;VH;0.2;0.5;25;votes;1.0;0.9;290;0;0;0.0;0.0;0.0;0;290;0.0;0.0;1.0;0.0;0.0
SEILS;Capitan;test;SAE_D2_RVH_SEILS;VH;0.2;0.5;25;votes;1.0;0.9;144;0;0;0.0;0.0;0.0;0;144;0.0;0.0;1.0;0.0;0.0
SEILS;SEILS;test;SAE_D2_RVH_SEILS;VH;0.2;0.5;25;votes;1.0;0.9;289;0;0;0.0;0.0;0.0;0;289;0.0;0.0;1.0;0.0;0.0
SEILS;FMT_C;test;SAE_D2_RVH_SEILS;VH;0.2;0.5;25;votes;1.0;0.9;311;0;0;0.0;0.0;0.0;0;311;0.0;0.0;1.0;0.0;0.0
SEILS;SEILS;val;SAE_D2_RVH_SEILS;VH;0.2;0.1;75;votes;0.25;0.75;290;0.9428571428571428;0.8610368881931519;0.9777777777777777;0.9103448275862069;264.0;6;26;0.9103448275862069;0.022222222222222223;0.0896551724137931;0.8192678093910217;0.496256023645401
SEILS;Capitan;test;SAE_D2_RVH_SEILS;VH;0.2;0.1;75;votes;0.25;0.75;144;0;0;0.0;0.0;0.0;0;144;0.0;0.0;1.0;0.0;0.0
SEILS;SEILS;test;SAE_D2_RVH_SEILS;VH;0.2;0.1;75;votes;0.25;0.75;289;0.9357142857142858;0.8784258690111836;0.966789667896679;0.9065743944636678;262.0;9;27;0.9065743944636678;0.033210332103321034;0.09342560553633218;0.879045307636261;0.64532870054245
SEILS;FMT_C;test;SAE_D2_RVH_SEILS;VH;0.2;0.1;75;votes;0.25;0.75;311;0;0;0.0;0.0;0.0;0;311;0.0;0.0;1.0;0.0;0.0
SEILS;SEILS;val;SAE_D2_RVH_SEILS;VH;0.2;0.1;75;votes;0.5;0.65;290;0.9428571428571428;0.8630436732237455;0.9777777777777777;0.9103448275862069;264.0;6;26;0.9103448275862069;0.022222222222222223;0.0896551724137931;0.8430400490760803;0.5334042310714722
SEILS;Capitan;test;SAE_D2_RVH_SEILS;VH;0.2;0.1;75;votes;0.5;0.65;144;0;0;0.0;0.0;0.0;0;144;0.0;0.0;1.0;0.0;0.0
SEILS;SEILS;test;SAE_D2_RVH_SEILS;VH;0.2;0.1;75;votes;0.5;0.65;289;0.932142857142857;0.8795326734694701;0.9630996309963099;0.903114186851211;261.0;10;28;0.903114186851211;0.03690036900369004;0.09688581314878893;0.8745091557502747;0.6475582718849182
SEILS;FMT_C;test;SAE_D2_RVH_SEILS;VH;0.2;0.1;75;votes;0.5;0.65;311;0;0;0.0;0.0;0.0;0;311;0.0;0.0;1.0;0.0;0.0
SEILS;SEILS;val;SAE_D2_RVH_SEILS;VH;0.2;0.1;75;votes;0.75;0.5;290;0.9395017793594306;0.858489601231409;0.9705882352941176;0.9103448275862069;264.0;8;26;0.9103448275862069;0.029411764705882353;0.0896551724137931;0.8139055371284485;0.5082699060440063
SEILS;Capitan;test;SAE_D2_RVH_SEILS;VH;0.2;0.1;75;votes;0.75;0.5;144;0;0;0.0;0.0;0.0;0;144;0.0;0.0;1.0;0.0;0.0
SEILS;SEILS;test;SAE_D2_RVH_SEILS;VH;0.2;0.1;75;votes;0.75;0.5;289;0.9302325581395349;0.8759142868494728;0.9629629629629629;0.8996539792387543;260.0;10;29;0.8996539792387543;0.037037037037037035;0.10034602076124567;0.8741158246994019;0.6427333950996399
SEILS;FMT_C;test;SAE_D2_RVH_SEILS;VH;0.2;0.1;75;votes;0.75;0.5;311;0;0;0.0;0.0;0.0;0;311;0.0;0.0;1.0;0.0;0.0
SEILS;SEILS;val;SAE_D2_RVH_SEILS;VH;0.2;0.1;75;votes;1.0;0.1;290;0.8364888123924268;0.8112466481353119;0.8350515463917526;0.8379310344827586;243.0;48;47;0.8379310344827586;0.16494845360824742;0.16206896551724137;0.2910052239894867;0.14561519026756287
SEILS;Capitan;test;SAE_D2_RVH_SEILS;VH;0.2;0.1;75;votes;1.0;0.1;144;0;0;0.0;0.0;0.0;0;144;0.0;0.0;1.0;0.0;0.0
SEILS;SEILS;test;SAE_D2_RVH_SEILS;VH;0.2;0.1;75;votes;1.0;0.1;289;0.8445229681978799;0.8254678986492495;0.8628158844765343;0.8269896193771626;239.0;38;50;0.8269896193771626;0.1371841155234657;0.17301038062283736;0.7422814965248108;0.46013402938842773
SEILS;FMT_C;test;SAE_D2_RVH_SEILS;VH;0.2;0.1;75;votes;1.0;0.1;311;0;0;0.0;0.0;0.0;0;311;0.0;0.0;1.0;0.0;0.0
SEILS;SEILS;val;SAE_D2_RVH_SEILS;VH;0.2;0.2;75;votes;0.25;0.7;290;0.9428571428571428;0.8611487676481221;0.9777777777777777;0.9103448275862069;264.0;6;26;0.9103448275862069;0.022222222222222223;0.0896551724137931;0.8008691072463989;0.48243433237075806
SEILS;Capitan;test;SAE_D2_RVH_SEILS;VH;0.2;0.2;75;votes;0.25;0.7;144;0;0;0.0;0.0;0.0;2;144;0.0;1.0;1.0;0.0;0.0
SEILS;SEILS;test;SAE_D2_RVH_SEILS;VH;0.2;0.2;75;votes;0.25;0.7;289;0.9285714285714287;0.875631273068857;0.959409594095941;0.8996539792387543;260.0;11;29;0.8996539792387543;0.04059040590405904;0.10034602076124567;0.8702996969223022;0.635980486869812
SEILS;FMT_C;test;SAE_D2_RVH_SEILS;VH;0.2;0.2;75;votes;0.25;0.7;311;0;0;0.0;0.0;0.0;0;311;0.0;0.0;1.0;0.0;0.0
SEILS;SEILS;val;SAE_D2_RVH_SEILS;VH;0.2;0.2;75;votes;0.5;0.5;290;0.9428571428571428;0.8611692579609559;0.9777777777777777;0.9103448275862069;264.0;6;26;0.9103448275862069;0.022222222222222223;0.0896551724137931;0.8184546232223511;0.5107616186141968
SEILS;Capitan;test;SAE_D2_RVH_SEILS;VH;0.2;0.2;75;votes;0.5;0.5;144;0;0;0.0;0.0;0.0;0;144;0.0;0.0;1.0;0.0;0.0
SEILS;SEILS;test;SAE_D2_RVH_SEILS;VH;0.2;0.2;75;votes;0.5;0.5;289;0.9250000000000002;0.8768821375267458;0.955719557195572;0.8961937716262975;259.0;12;30;0.8961937716262975;0.04428044280442804;0.10380622837370242;0.8693985342979431;0.6378458738327026
SEILS;FMT_C;test;SAE_D2_RVH_SEILS;VH;0.2;0.2;75;votes;0.5;0.5;311;0;0;0.0;0.0;0.0;0;311;0.0;0.0;1.0;0.0;0.0
SEILS;SEILS;val;SAE_D2_RVH_SEILS;VH;0.2;0.2;75;votes;0.75;0.15;290;0.9304812834224598;0.842480571692141;0.9630996309963099;0.9;261.0;10;29;0.9;0.03690036900369004;0.1;0.6021736264228821;0.3360194265842438
SEILS;Capitan;test;SAE_D2_RVH_SEILS;VH;0.2;0.2;75;votes;0.75;0.15;144;0;0;0.0;0.0;0.0;0;144;0.0;0.0;1.0;0.0;0.0
SEILS;SEILS;test;SAE_D2_RVH_SEILS;VH;0.2;0.2;75;votes;0.75;0.15;289;0.9250000000000002;0.8488325361706354;0.955719557195572;0.8961937716262975;259.0;12;30;0.8961937716262975;0.04428044280442804;0.10380622837370242;0.8609630465507507;0.5880188941955566
SEILS;FMT_C;test;SAE_D2_RVH_SEILS;VH;0.2;0.2;75;votes;0.75;0.15;311;0;0;0.0;0.0;0.0;0;311;0.0;0.0;1.0;0.0;0.0
SEILS;SEILS;val;SAE_D2_RVH_SEILS;VH;0.2;0.2;75;votes;1.0;0.1;290;0.11792452830188678;0.7112929381393666;0.1865671641791045;0.08620689655172414;25.0;109;265;0.08620689655172414;0.8134328358208955;0.9137931034482759;0.0010227012680843472;0.0005743686342611909
SEILS;Capitan;test;SAE_D2_RVH_SEILS;VH;0.2;0.2;75;votes;1.0;0.1;144;0;0;0.0;0.0;0.0;0;144;0.0;0.0;1.0;0.0;0.0
SEILS;SEILS;test;SAE_D2_RVH_SEILS;VH;0.2;0.2;75;votes;1.0;0.1;289;0.13488372093023254;0.7343498753813609;0.20567375886524822;0.10034602076124567;29.0;112;260;0.10034602076124567;0.7943262411347518;0.8996539792387543;0.026639752089977264;0.011170382611453533
SEILS;FMT_C;test;SAE_D2_RVH_SEILS;VH;0.2;0.2;75;votes;1.0;0.1;311;0;0;0.0;0.0;0.0;0;311;0.0;0.0;1.0;0.0;0.0
SEILS;SEILS;val;SAE_D2_RVH_SEILS;VH;0.2;0.3;75;votes;0.25;0.6;290;0.9395017793594306;0.855349907821559;0.9705882352941176;0.9103448275862069;264.0;8;26;0.9103448275862069;0.029411764705882353;0.0896551724137931;0.7946959137916565;0.49159741401672363
SEILS;Capitan;test;SAE_D2_RVH_SEILS;VH;0.2;0.3;75;votes;0.25;0.6;144;0;0;0.0;0.0;0.0;1;144;0.0;1.0;1.0;0.0;0.0
SEILS;SEILS;test;SAE_D2_RVH_SEILS;VH;0.2;0.3;75;votes;0.25;0.6;289;0.9285714285714287;0.8758127360684093;0.959409594095941;0.8996539792387543;260.0;11;29;0.8996539792387543;0.04059040590405904;0.10034602076124567;0.8769529461860657;0.6429773569107056
SEILS;FMT_C;test;SAE_D2_RVH_SEILS;VH;0.2;0.3;75;votes;0.25;0.6;311;0;0;0.0;0.0;0.0;0;311;0.0;0.0;1.0;0.0;0.0
SEILS;SEILS;val;SAE_D2_RVH_SEILS;VH;0.2;0.3;75;votes;0.5;0.2;290;0.9252669039145908;0.8477136299083067;0.9558823529411765;0.896551724137931;260.0;12;30;0.896551724137931;0.04411764705882353;0.10344827586206896;0.5569422841072083;0.30212101340293884
SEILS;Capitan;test;SAE_D2_RVH_SEILS;VH;0.2;0.3;75;votes;0.5;0.2;144;0;0;0.0;0.0;0.0;0;144;0.0;0.0;1.0;0.0;0.0
SEILS;SEILS;test;SAE_D2_RVH_SEILS;VH;0.2;0.3;75;votes;0.5;0.2;289;0.9165186500888098;0.8618314368171022;0.9416058394160584;0.8927335640138409;258.0;16;31;0.8927335640138409;0.058394160583941604;0.10726643598615918;0.8580190539360046;0.6022239923477173
SEILS;FMT_C;test;SAE_D2_RVH_SEILS;VH;0.2;0.3;75;votes;0.5;0.2;311;0;0;0.0;0.0;0.0;0;311;0.0;0.0;1.0;0.0;0.0
SEILS;SEILS;val;SAE_D2_RVH_SEILS;VH;0.2;0.3;75;votes;0.75;0.1;290;0.6929674099485421;0.7978317793826644;0.689419795221843;0.696551724137931;202.0;91;88;0.696551724137931;0.310580204778157;0.30344827586206896;0.07445923238992691;0.03141569346189499
SEILS;Capitan;test;SAE_D2_RVH_SEILS;VH;0.2;0.3;75;votes;0.75;0.1;144;0;0;0.0;0.0;0.0;0;144;0.0;0.0;1.0;0.0;0.0
SEILS;SEILS;test;SAE_D2_RVH_SEILS;VH;0.2;0.3;75;votes;0.75;0.1;289;0.6577181208053691;0.8054582308606754;0.6384364820846905;0.6782006920415224;196.0;111;93;0.6782006920415224;0.36156351791530944;0.3217993079584775;0.5042380094528198;0.27602139115333557
SEILS;FMT_C;test;SAE_D2_RVH_SEILS;VH;0.2;0.3;75;votes;0.75;0.1;311;0;0;0.0;0.0;0.0;0;311;0.0;0.0;1.0;0.0;0.0
SEILS;SEILS;val;SAE_D2_RVH_SEILS;VH;0.2;0.3;75;votes;1.0;0.9;290;0;0;0.0;0.0;0.0;0;290;0.0;0.0;1.0;0.0;0.0
SEILS;Capitan;test;SAE_D2_RVH_SEILS;VH;0.2;0.3;75;votes;1.0;0.9;144;0;0;0.0;0.0;0.0;0;144;0.0;0.0;1.0;0.0;0.0
SEILS;SEILS;test;SAE_D2_RVH_SEILS;VH;0.2;0.3;75;votes;1.0;0.9;289;0;0;0.0;0.0;0.0;0;289;0.0;0.0;1.0;0.0;0.0
SEILS;FMT_C;test;SAE_D2_RVH_SEILS;VH;0.2;0.3;75;votes;1.0;0.9;311;0;0;0.0;0.0;0.0;0;311;0.0;0.0;1.0;0.0;0.0
SEILS;SEILS;val;SAE_D2_RVH_SEILS;VH;0.2;0.4;75;votes;0.25;0.15;290;0.9178571428571428;0.8422611078252294;0.9518518518518518;0.8862068965517241;257.0;13;33;0.8862068965517241;0.04814814814814815;0.11379310344827587;0.5855011343955994;0.3209265172481537
SEILS;Capitan;test;SAE_D2_RVH_SEILS;VH;0.2;0.4;75;votes;0.25;0.15;144;0;0;0.0;0.0;0.0;11;144;0.0;1.0;1.0;0.0;0.0
SEILS;SEILS;test;SAE_D2_RVH_SEILS;VH;0.2;0.4;75;votes;0.25;0.15;289;0.9055258467023174;0.8492206622473414;0.9338235294117647;0.8788927335640139;254.0;18;35;0.8788927335640139;0.0661764705882353;0.12110726643598616;0.8463548421859741;0.5606015920639038
SEILS;FMT_C;test;SAE_D2_RVH_SEILS;VH;0.2;0.4;75;votes;0.25;0.15;311;0;0;0.0;0.0;0.0;0;311;0.0;0.0;1.0;0.0;0.0
SEILS;SEILS;val;SAE_D2_RVH_SEILS;VH;0.2;0.4;75;votes;0.5;0.1;290;0.3923611111111111;0.7604551708002759;0.3951048951048951;0.3896551724137931;113.0;173;177;0.3896551724137931;0.6048951048951049;0.6103448275862069;0.019364114850759506;0.007717047818005085
SEILS;Capitan;test;SAE_D2_RVH_SEILS;VH;0.2;0.4;75;votes;0.5;0.1;144;0;0;0.0;0.0;0.0;0;144;0.0;0.0;1.0;0.0;0.0
SEILS;SEILS;test;SAE_D2_RVH_SEILS;VH;0.2;0.4;75;votes;0.5;0.1;289;0.4665523156089194;0.74007156025213;0.46258503401360546;0.47058823529411764;136.0;158;153;0.47058823529411764;0.5374149659863946;0.5294117647058824;0.26310995221138;0.11537440121173859
SEILS;FMT_C;test;SAE_D2_RVH_SEILS;VH;0.2;0.4;75;votes;0.5;0.1;311;0;0;0.0;0.0;0.0;0;311;0.0;0.0;1.0;0.0;0.0
SEILS;SEILS;val;SAE_D2_RVH_SEILS;VH;0.2;0.4;75;votes;0.75;0.9;290;0;0;0.0;0.0;0.0;0;290;0.0;0.0;1.0;0.0;0.0
SEILS;Capitan;test;SAE_D2_RVH_SEILS;VH;0.2;0.4;75;votes;0.75;0.9;144;0;0;0.0;0.0;0.0;0;144;0.0;0.0;1.0;0.0;0.0
SEILS;SEILS;test;SAE_D2_RVH_SEILS;VH;0.2;0.4;75;votes;0.75;0.9;289;0;0;0.0;0.0;0.0;0;289;0.0;0.0;1.0;0.0;0.0
SEILS;FMT_C;test;SAE_D2_RVH_SEILS;VH;0.2;0.4;75;votes;0.75;0.9;311;0;0;0.0;0.0;0.0;0;311;0.0;0.0;1.0;0.0;0.0
SEILS;SEILS;val;SAE_D2_RVH_SEILS;VH;0.2;0.4;75;votes;1.0;0.9;290;0;0;0.0;0.0;0.0;0;290;0.0;0.0;1.0;0.0;0.0
SEILS;Capitan;test;SAE_D2_RVH_SEILS;VH;0.2;0.4;75;votes;1.0;0.9;144;0;0;0.0;0.0;0.0;0;144;0.0;0.0;1.0;0.0;0.0
SEILS;SEILS;test;SAE_D2_RVH_SEILS;VH;0.2;0.4;75;votes;1.0;0.9;289;0;0;0.0;0.0;0.0;0;289;0.0;0.0;1.0;0.0;0.0
SEILS;FMT_C;test;SAE_D2_RVH_SEILS;VH;0.2;0.4;75;votes;1.0;0.9;311;0;0;0.0;0.0;0.0;0;311;0.0;0.0;1.0;0.0;0.0
SEILS;SEILS;val;SAE_D2_RVH_SEILS;VH;0.2;0.5;75;votes;0.25;0.1;290;0.25555555555555554;0.7216160587897801;0.276;0.23793103448275862;69.0;181;221;0.23793103448275862;0.724;0.7620689655172413;0.006118584889918566;0.00223203981295228
SEILS;Capitan;test;SAE_D2_RVH_SEILS;VH;0.2;0.5;75;votes;0.25;0.1;144;0;0;0.0;0.0;0.0;0;144;0.0;0.0;1.0;0.0;0.0
SEILS;SEILS;test;SAE_D2_RVH_SEILS;VH;0.2;0.5;75;votes;0.25;0.1;289;0.35205992509363293;0.7034605427661932;0.3836734693877551;0.32525951557093424;94.0;151;195;0.32525951557093424;0.6163265306122448;0.6747404844290658;0.1633724570274353;0.061796970665454865
SEILS;FMT_C;test;SAE_D2_RVH_SEILS;VH;0.2;0.5;75;votes;0.25;0.1;311;0;0;0.0;0.0;0.0;0;311;0.0;0.0;1.0;0.0;0.0
SEILS;SEILS;val;SAE_D2_RVH_SEILS;VH;0.2;0.5;75;votes;0.5;0.9;290;0;0;0.0;0.0;0.0;0;290;0.0;0.0;1.0;0.0;0.0
SEILS;Capitan;test;SAE_D2_RVH_SEILS;VH;0.2;0.5;75;votes;0.5;0.9;144;0;0;0.0;0.0;0.0;0;144;0.0;0.0;1.0;0.0;0.0
SEILS;SEILS;test;SAE_D2_RVH_SEILS;VH;0.2;0.5;75;votes;0.5;0.9;289;0;0;0.0;0.0;0.0;0;289;0.0;0.0;1.0;0.0;0.0
SEILS;FMT_C;test;SAE_D2_RVH_SEILS;VH;0.2;0.5;75;votes;0.5;0.9;311;0;0;0.0;0.0;0.0;0;311;0.0;0.0;1.0;0.0;0.0
SEILS;SEILS;val;SAE_D2_RVH_SEILS;VH;0.2;0.5;75;votes;0.75;0.9;290;0;0;0.0;0.0;0.0;0;290;0.0;0.0;1.0;0.0;0.0
SEILS;Capitan;test;SAE_D2_RVH_SEILS;VH;0.2;0.5;75;votes;0.75;0.9;144;0;0;0.0;0.0;0.0;0;144;0.0;0.0;1.0;0.0;0.0
SEILS;SEILS;test;SAE_D2_RVH_SEILS;VH;0.2;0.5;75;votes;0.75;0.9;289;0;0;0.0;0.0;0.0;0;289;0.0;0.0;1.0;0.0;0.0
SEILS;FMT_C;test;SAE_D2_RVH_SEILS;VH;0.2;0.5;75;votes;0.75;0.9;311;0;0;0.0;0.0;0.0;0;311;0.0;0.0;1.0;0.0;0.0
SEILS;SEILS;val;SAE_D2_RVH_SEILS;VH;0.2;0.5;75;votes;1.0;0.9;290;0;0;0.0;0.0;0.0;0;290;0.0;0.0;1.0;0.0;0.0
SEILS;Capitan;test;SAE_D2_RVH_SEILS;VH;0.2;0.5;75;votes;1.0;0.9;144;0;0;0.0;0.0;0.0;0;144;0.0;0.0;1.0;0.0;0.0
SEILS;SEILS;test;SAE_D2_RVH_SEILS;VH;0.2;0.5;75;votes;1.0;0.9;289;0;0;0.0;0.0;0.0;0;289;0.0;0.0;1.0;0.0;0.0
SEILS;FMT_C;test;SAE_D2_RVH_SEILS;VH;0.2;0.5;75;votes;1.0;0.9;311;0;0;0.0;0.0;0.0;0;311;0.0;0.0;1.0;0.0;0.0
SEILS;SEILS;val;SAE_D2_RVH_SEILS;VH;0.2;0.1;250;votes;0.25;0.7;290;0.9428571428571428;0.8631560508129834;0.9777777777777777;0.9103448275862069;264.0;6;26;0.9103448275862069;0.022222222222222223;0.0896551724137931;0.8248628377914429;0.5013729333877563
SEILS;Capitan;test;SAE_D2_RVH_SEILS;VH;0.2;0.1;250;votes;0.25;0.7;144;0;0;0.0;0.0;0.0;9;144;0.0;1.0;1.0;0.0;0.0
SEILS;SEILS;test;SAE_D2_RVH_SEILS;VH;0.2;0.1;250;votes;0.25;0.7;289;0.932142857142857;0.877489505196655;0.9630996309963099;0.903114186851211;261.0;10;28;0.903114186851211;0.03690036900369004;0.09688581314878893;0.8718318939208984;0.6449235081672668
SEILS;FMT_C;test;SAE_D2_RVH_SEILS;VH;0.2;0.1;250;votes;0.25;0.7;311;0;0;0.0;0.0;0.0;0;311;0.0;0.0;1.0;0.0;0.0
SEILS;SEILS;val;SAE_D2_RVH_SEILS;VH;0.2;0.1;250;votes;0.5;0.6;290;0.9428571428571428;0.8644349040876561;0.9777777777777777;0.9103448275862069;264.0;6;26;0.9103448275862069;0.022222222222222223;0.0896551724137931;0.8457679152488708;0.5367809534072876
SEILS;Capitan;test;SAE_D2_RVH_SEILS;VH;0.2;0.1;250;votes;0.5;0.6;144;0;0;0.0;0.0;0.0;0;144;0.0;0.0;1.0;0.0;0.0
SEILS;SEILS;test;SAE_D2_RVH_SEILS;VH;0.2;0.1;250;votes;0.5;0.6;289;0.932142857142857;0.8791769977167196;0.9630996309963099;0.903114186851211;261.0;10;28;0.903114186851211;0.03690036900369004;0.09688581314878893;0.8719595670700073;0.6436697244644165
SEILS;FMT_C;test;SAE_D2_RVH_SEILS;VH;0.2;0.1;250;votes;0.5;0.6;311;0;0;0.0;0.0;0.0;0;311;0.0;0.0;1.0;0.0;0.0
SEILS;SEILS;val;SAE_D2_RVH_SEILS;VH;0.2;0.1;250;votes;0.75;0.5;290;0.9411764705882353;0.859132963819797;0.974169741697417;0.9103448275862069;264.0;7;26;0.9103448275862069;0.025830258302583026;0.0896551724137931;0.810290515422821;0.5070878267288208
SEILS;Capitan;test;SAE_D2_RVH_SEILS;VH;0.2;0.1;250;votes;0.75;0.5;144;0;0;0.0;0.0;0.0;0;144;0.0;0.0;1.0;0.0;0.0
SEILS;SEILS;test;SAE_D2_RVH_SEILS;VH;0.2;0.1;250;votes;0.75;0.5;289;0.9285714285714287;0.8754873839250427;0.959409594095941;0.8996539792387543;260.0;11;29;0.8996539792387543;0.04059040590405904;0.10034602076124567;0.8685120940208435;0.6411906480789185
SEILS;FMT_C;test;SAE_D2_RVH_SEILS;VH;0.2;0.1;250;votes;0.75;0.5;311;0;0;0.0;0.0;0.0;0;311;0.0;0.0;1.0;0.0;0.0
SEILS;SEILS;val;SAE_D2_RVH_SEILS;VH;0.2;0.1;250;votes;1.0;0.1;290;0.7452991452991453;0.8027958145136812;0.7389830508474576;0.7517241379310344;218.0;77;72;0.7517241379310344;0.26101694915254237;0.2482758620689655;0.12070512771606445;0.05604889243841171
SEILS;Capitan;test;SAE_D2_RVH_SEILS;VH;0.2;0.1;250;votes;1.0;0.1;144;0;0;0.0;0.0;0.0;0;144;0.0;0.0;1.0;0.0;0.0
SEILS;SEILS;test;SAE_D2_RVH_SEILS;VH;0.2;0.1;250;votes;1.0;0.1;289;0.7408637873754154;0.7994507119409213;0.7124600638977636;0.7716262975778547;223.0;90;66;0.7716262975778547;0.28753993610223644;0.22837370242214533;0.6059189438819885;0.33351200819015503
SEILS;FMT_C;test;SAE_D2_RVH_SEILS;VH;0.2;0.1;250;votes;1.0;0.1;311;0;0;0.0;0.0;0.0;0;311;0.0;0.0;1.0;0.0;0.0
SEILS;SEILS;val;SAE_D2_RVH_SEILS;VH;0.2;0.2;250;votes;0.25;0.7;290;0.9428571428571428;0.8600486796978317;0.9777777777777777;0.9103448275862069;264.0;6;26;0.9103448275862069;0.022222222222222223;0.0896551724137931;0.8053693175315857;0.48757046461105347
SEILS;Capitan;test;SAE_D2_RVH_SEILS;VH;0.2;0.2;250;votes;0.25;0.7;144;0;0;0.0;0.0;0.0;0;144;0.0;0.0;1.0;0.0;0.0
SEILS;SEILS;test;SAE_D2_RVH_SEILS;VH;0.2;0.2;250;votes;0.25;0.7;289;0.932142857142857;0.8774042241664146;0.9630996309963099;0.903114186851211;261.0;10;28;0.903114186851211;0.03690036900369004;0.09688581314878893;0.8710657954216003;0.6430783867835999
SEILS;FMT_C;test;SAE_D2_RVH_SEILS;VH;0.2;0.2;250;votes;0.25;0.7;311;0;0;0.0;0.0;0.0;0;311;0.0;0.0;1.0;0.0;0.0
SEILS;SEILS;val;SAE_D2_RVH_SEILS;VH;0.2;0.2;250;votes;0.5;0.45;290;0.9392857142857144;0.8626102260767148;0.9740740740740741;0.906896551724138;263.0;7;27;0.906896551724138;0.025925925925925925;0.09310344827586207;0.8179068565368652;0.5101999044418335
SEILS;Capitan;test;SAE_D2_RVH_SEILS;VH;0.2;0.2;250;votes;0.5;0.45;144;0;0;0.0;0.0;0.0;0;144;0.0;0.0;1.0;0.0;0.0
SEILS;SEILS;test;SAE_D2_RVH_SEILS;VH;0.2;0.2;250;votes;0.5;0.45;289;0.932142857142857;0.8747931233975932;0.9630996309963099;0.903114186851211;261.0;10;28;0.903114186851211;0.03690036900369004;0.09688581314878893;0.8777308464050293;0.6430429816246033
SEILS;FMT_C;test;SAE_D2_RVH_SEILS;VH;0.2;0.2;250;votes;0.5;0.45;311;0;0;0.0;0.0;0.0;0;311;0.0;0.0;1.0;0.0;0.0
SEILS;SEILS;val;SAE_D2_RVH_SEILS;VH;0.2;0.2;250;votes;0.75;0.3;290;0.9271758436944938;0.8407774182792126;0.9560439560439561;0.9;261.0;12;29;0.9;0.04395604395604396;0.1;0.6168965101242065;0.3413446545600891
SEILS;Capitan;test;SAE_D2_RVH_SEILS;VH;0.2;0.2;250;votes;0.75;0.3;144;0;0;0.0;0.0;0.0;0;144;0.0;0.0;1.0;0.0;0.0
SEILS;SEILS;test;SAE_D2_RVH_SEILS;VH;0.2;0.2;250;votes;0.75;0.3;289;0.9217081850533807;0.8573040004545179;0.9487179487179487;0.8961937716262975;259.0;14;30;0.8961937716262975;0.05128205128205128;0.10380622837370242;0.8603847026824951;0.5977005958557129
SEILS;FMT_C;test;SAE_D2_RVH_SEILS;VH;0.2;0.2;250;votes;0.75;0.3;311;0;0;0.0;0.0;0.0;0;311;0.0;0.0;1.0;0.0;0.0
SEILS;SEILS;val;SAE_D2_RVH_SEILS;VH;0.2;0.2;250;votes;1.0;0.9;290;0;0;0.0;0.0;0.0;0;290;0.0;0.0;1.0;0.0;0.0
SEILS;Capitan;test;SAE_D2_RVH_SEILS;VH;0.2;0.2;250;votes;1.0;0.9;144;0;0;0.0;0.0;0.0;0;144;0.0;0.0;1.0;0.0;0.0
SEILS;SEILS;test;SAE_D2_RVH_SEILS;VH;0.2;0.2;250;votes;1.0;0.9;289;0;0;0.0;0.0;0.0;0;289;0.0;0.0;1.0;0.0;0.0
SEILS;FMT_C;test;SAE_D2_RVH_SEILS;VH;0.2;0.2;250;votes;1.0;0.9;311;0;0;0.0;0.0;0.0;0;311;0.0;0.0;1.0;0.0;0.0
SEILS;SEILS;val;SAE_D2_RVH_SEILS;VH;0.2;0.3;250;votes;0.25;0.6;290;0.9411764705882353;0.8608002084928866;0.974169741697417;0.9103448275862069;264.0;7;26;0.9103448275862069;0.025830258302583026;0.0896551724137931;0.810996949672699;0.4983721673488617
SEILS;Capitan;test;SAE_D2_RVH_SEILS;VH;0.2;0.3;250;votes;0.25;0.6;144;0;0;0.0;0.0;0.0;0;144;0.0;0.0;1.0;0.0;0.0
SEILS;SEILS;test;SAE_D2_RVH_SEILS;VH;0.2;0.3;250;votes;0.25;0.6;289;0.932142857142857;0.8785819482133835;0.9630996309963099;0.903114186851211;261.0;10;28;0.903114186851211;0.03690036900369004;0.09688581314878893;0.877594530582428;0.6426660418510437
SEILS;FMT_C;test;SAE_D2_RVH_SEILS;VH;0.2;0.3;250;votes;0.25;0.6;311;0;0;0.0;0.0;0.0;0;311;0.0;0.0;1.0;0.0;0.0
SEILS;SEILS;val;SAE_D2_RVH_SEILS;VH;0.2;0.3;250;votes;0.5;0.15;290;0.9233511586452764;0.8508329927373438;0.955719557195572;0.8931034482758621;259.0;12;31;0.8931034482758621;0.04428044280442804;0.10689655172413794;0.574417233467102;0.307027131319046
SEILS;Capitan;test;SAE_D2_RVH_SEILS;VH;0.2;0.3;250;votes;0.5;0.15;144;0;0;0.0;0.0;0.0;0;144;0.0;0.0;1.0;0.0;0.0
SEILS;SEILS;test;SAE_D2_RVH_SEILS;VH;0.2;0.3;250;votes;0.5;0.15;289;0.9214285714285715;0.8595963031720795;0.9520295202952029;0.8927335640138409;258.0;13;31;0.8927335640138409;0.04797047970479705;0.10726643598615918;0.8558512926101685;0.6001859307289124
SEILS;FMT_C;test;SAE_D2_RVH_SEILS;VH;0.2;0.3;250;votes;0.5;0.15;311;0;0;0.0;0.0;0.0;0;311;0.0;0.0;1.0;0.0;0.0
SEILS;SEILS;val;SAE_D2_RVH_SEILS;VH;0.2;0.3;250;votes;0.75;0.1;290;0.7406143344709898;0.7954071740726172;0.7331081081081081;0.7482758620689656;217.0;79;73;0.7482758620689656;0.2668918918918919;0.2517241379310345;0.06626112759113312;0.026953142136335373
SEILS;Capitan;test;SAE_D2_RVH_SEILS;VH;0.2;0.3;250;votes;0.75;0.1;144;0;0;0.0;0.0;0.0;0;144;0.0;0.0;1.0;0.0;0.0
SEILS;SEILS;test;SAE_D2_RVH_SEILS;VH;0.2;0.3;250;votes;0.75;0.1;289;0.7033333333333333;0.7963538564520128;0.6784565916398714;0.7301038062283737;211.0;100;78;0.7301038062283737;0.3215434083601286;0.2698961937716263;0.5529765486717224;0.2995198369026184
SEILS;FMT_C;test;SAE_D2_RVH_SEILS;VH;0.2;0.3;250;votes;0.75;0.1;311;0;0;0.0;0.0;0.0;0;311;0.0;0.0;1.0;0.0;0.0
SEILS;SEILS;val;SAE_D2_RVH_SEILS;VH;0.2;0.3;250;votes;1.0;0.9;290;0;0;0.0;0.0;0.0;0;290;0.0;0.0;1.0;0.0;0.0
SEILS;Capitan;test;SAE_D2_RVH_SEILS;VH;0.2;0.3;250;votes;1.0;0.9;144;0;0;0.0;0.0;0.0;0;144;0.0;0.0;1.0;0.0;0.0
SEILS;SEILS;test;SAE_D2_RVH_SEILS;VH;0.2;0.3;250;votes;1.0;0.9;289;0;0;0.0;0.0;0.0;0;289;0.0;0.0;1.0;0.0;0.0
SEILS;FMT_C;test;SAE_D2_RVH_SEILS;VH;0.2;0.3;250;votes;1.0;0.9;311;0;0;0.0;0.0;0.0;0;311;0.0;0.0;1.0;0.0;0.0
SEILS;SEILS;val;SAE_D2_RVH_SEILS;VH;0.2;0.4;250;votes;0.25;0.2;290;0.9285714285714286;0.8608094790982257;0.9629629629629629;0.896551724137931;260.0;10;30;0.896551724137931;0.037037037037037035;0.10344827586206896;0.6287539005279541;0.33660992980003357
SEILS;Capitan;test;SAE_D2_RVH_SEILS;VH;0.2;0.4;250;votes;0.25;0.2;144;0;0;0.0;0.0;0.0;4;144;0.0;1.0;1.0;0.0;0.0
SEILS;SEILS;test;SAE_D2_RVH_SEILS;VH;0.2;0.4;250;votes;0.25;0.2;289;0.9214285714285715;0.8660345360869265;0.9520295202952029;0.8927335640138409;258.0;13;31;0.8927335640138409;0.04797047970479705;0.10726643598615918;0.8593872785568237;0.6030187606811523
SEILS;FMT_C;test;SAE_D2_RVH_SEILS;VH;0.2;0.4;250;votes;0.25;0.2;311;0;0;0.0;0.0;0.0;0;311;0.0;0.0;1.0;0.0;0.0
SEILS;SEILS;val;SAE_D2_RVH_SEILS;VH;0.2;0.4;250;votes;0.5;0.1;290;0.4343598055105349;0.7290442849848564;0.40978593272171254;0.46206896551724136;134.0;193;156;0.46206896551724136;0.5902140672782875;0.5379310344827586;0.014856352470815182;0.005820108577609062
SEILS;Capitan;test;SAE_D2_RVH_SEILS;VH;0.2;0.4;250;votes;0.5;0.1;144;0;0;0.0;0.0;0.0;0;144;0.0;0.0;1.0;0.0;0.0
SEILS;SEILS;test;SAE_D2_RVH_SEILS;VH;0.2;0.4;250;votes;0.5;0.1;289;0.4688995215311005;0.726138063149576;0.4349112426035503;0.5086505190311419;147.0;191;142;0.5086505190311419;0.5650887573964497;0.4913494809688581;0.27720507979393005;0.1158313900232315
SEILS;FMT_C;test;SAE_D2_RVH_SEILS;VH;0.2;0.4;250;votes;0.5;0.1;311;0;0;0.0;0.0;0.0;0;311;0.0;0.0;1.0;0.0;0.0
SEILS;SEILS;val;SAE_D2_RVH_SEILS;VH;0.2;0.4;250;votes;0.75;0.9;290;0;0;0.0;0.0;0.0;0;290;0.0;0.0;1.0;0.0;0.0
SEILS;Capitan;test;SAE_D2_RVH_SEILS;VH;0.2;0.4;250;votes;0.75;0.9;144;0;0;0.0;0.0;0.0;0;144;0.0;0.0;1.0;0.0;0.0
SEILS;SEILS;test;SAE_D2_RVH_SEILS;VH;0.2;0.4;250;votes;0.75;0.9;289;0;0;0.0;0.0;0.0;0;289;0.0;0.0;1.0;0.0;0.0
SEILS;FMT_C;test;SAE_D2_RVH_SEILS;VH;0.2;0.4;250;votes;0.75;0.9;311;0;0;0.0;0.0;0.0;0;311;0.0;0.0;1.0;0.0;0.0
SEILS;SEILS;val;SAE_D2_RVH_SEILS;VH;0.2;0.4;250;votes;1.0;0.9;290;0;0;0.0;0.0;0.0;0;290;0.0;0.0;1.0;0.0;0.0
SEILS;Capitan;test;SAE_D2_RVH_SEILS;VH;0.2;0.4;250;votes;1.0;0.9;144;0;0;0.0;0.0;0.0;0;144;0.0;0.0;1.0;0.0;0.0
SEILS;SEILS;test;SAE_D2_RVH_SEILS;VH;0.2;0.4;250;votes;1.0;0.9;289;0;0;0.0;0.0;0.0;0;289;0.0;0.0;1.0;0.0;0.0
SEILS;FMT_C;test;SAE_D2_RVH_SEILS;VH;0.2;0.4;250;votes;1.0;0.9;311;0;0;0.0;0.0;0.0;0;311;0.0;0.0;1.0;0.0;0.0
SEILS;SEILS;val;SAE_D2_RVH_SEILS;VH;0.2;0.5;250;votes;0.25;0.1;290;0.27598566308243727;0.6967137404333913;0.2873134328358209;0.2655172413793103;77.0;191;213;0.2655172413793103;0.7126865671641791;0.7344827586206897;0.00932456087321043;0.0034590892028063536
SEILS;Capitan;test;SAE_D2_RVH_SEILS;VH;0.2;0.5;250;votes;0.25;0.1;144;0;0;0.0;0.0;0.0;0;144;0.0;0.0;1.0;0.0;0.0
SEILS;SEILS;test;SAE_D2_RVH_SEILS;VH;0.2;0.5;250;votes;0.25;0.1;289;0.2735346358792185;0.6921478431459438;0.28102189781021897;0.2664359861591695;77.0;197;212;0.2664359861591695;0.718978102189781;0.7335640138408305;0.11203079670667648;0.040403835475444794
SEILS;FMT_C;test;SAE_D2_RVH_SEILS;VH;0.2;0.5;250;votes;0.25;0.1;311;0;0;0.0;0.0;0.0;0;311;0.0;0.0;1.0;0.0;0.0
SEILS;SEILS;val;SAE_D2_RVH_SEILS;VH;0.2;0.5;250;votes;0.5;0.9;290;0;0;0.0;0.0;0.0;0;290;0.0;0.0;1.0;0.0;0.0
SEILS;Capitan;test;SAE_D2_RVH_SEILS;VH;0.2;0.5;250;votes;0.5;0.9;144;0;0;0.0;0.0;0.0;0;144;0.0;0.0;1.0;0.0;0.0
SEILS;SEILS;test;SAE_D2_RVH_SEILS;VH;0.2;0.5;250;votes;0.5;0.9;289;0;0;0.0;0.0;0.0;0;289;0.0;0.0;1.0;0.0;0.0
SEILS;FMT_C;test;SAE_D2_RVH_SEILS;VH;0.2;0.5;250;votes;0.5;0.9;311;0;0;0.0;0.0;0.0;0;311;0.0;0.0;1.0;0.0;0.0
SEILS;SEILS;val;SAE_D2_RVH_SEILS;VH;0.2;0.5;250;votes;0.75;0.9;290;0;0;0.0;0.0;0.0;0;290;0.0;0.0;1.0;0.0;0.0
SEILS;Capitan;test;SAE_D2_RVH_SEILS;VH;0.2;0.5;250;votes;0.75;0.9;144;0;0;0.0;0.0;0.0;0;144;0.0;0.0;1.0;0.0;0.0
SEILS;SEILS;test;SAE_D2_RVH_SEILS;VH;0.2;0.5;250;votes;0.75;0.9;289;0;0;0.0;0.0;0.0;0;289;0.0;0.0;1.0;0.0;0.0
SEILS;FMT_C;test;SAE_D2_RVH_SEILS;VH;0.2;0.5;250;votes;0.75;0.9;311;0;0;0.0;0.0;0.0;0;311;0.0;0.0;1.0;0.0;0.0
SEILS;SEILS;val;SAE_D2_RVH_SEILS;VH;0.2;0.5;250;votes;1.0;0.9;290;0;0;0.0;0.0;0.0;0;290;0.0;0.0;1.0;0.0;0.0
SEILS;Capitan;test;SAE_D2_RVH_SEILS;VH;0.2;0.5;250;votes;1.0;0.9;144;0;0;0.0;0.0;0.0;0;144;0.0;0.0;1.0;0.0;0.0
SEILS;SEILS;test;SAE_D2_RVH_SEILS;VH;0.2;0.5;250;votes;1.0;0.9;289;0;0;0.0;0.0;0.0;0;289;0.0;0.0;1.0;0.0;0.0
SEILS;FMT_C;test;SAE_D2_RVH_SEILS;VH;0.2;0.5;250;votes;1.0;0.9;311;0;0;0.0;0.0;0.0;0;311;0.0;0.0;1.0;0.0;0.0
