Source;Target;Partition;model;Resize;dropoutTrain;dropoutVal;Repetitions;Combination;VoteTH;BinTH;TotalGTBoxes;F1;IoU;Prec;Recall;TP;FP;FN;TP-norm;FP-norm;FN-norm;mAP;COCO
Capitan;Capitan;val;SAE_D3_RVH_Capitan;VH;0.3;0.1;500;votes;0.25;0.8;121;0.9875518672199171;0.8687836271673729;0.9916666666666667;0.9834710743801653;119.0;1;2;0.9834710743801653;0.008333333333333333;0.01652892561983471;0.9465768933296204;0.6048789620399475
Capitan;Capitan;test;SAE_D3_RVH_Capitan;VH;0.3;0.1;500;votes;0.25;0.8;144;0.9896907216494846;0.8609844896135199;0.9795918367346939;1.0;144.0;3;0;1.0;0.02040816326530612;0.0;0.9903237223625183;0.7146459817886353
Capitan;SEILS;test;SAE_D3_RVH_Capitan;VH;0.3;0.1;500;votes;0.25;0.8;289;0.5494830132939439;0.7538041376591597;0.4793814432989691;0.643598615916955;186.0;202;103;0.643598615916955;0.520618556701031;0.356401384083045;0.3776472210884094;0.17511066794395447
Capitan;FMT_C;test;SAE_D3_RVH_Capitan;VH;0.3;0.1;500;votes;0.25;0.8;311;0;0;0.0;0.0;0.0;0;311;0.0;0.0;1.0;0.0;0.0
Capitan;Capitan;val;SAE_D3_RVH_Capitan;VH;0.3;0.1;500;votes;0.5;0.75;121;0.9875518672199171;0.8687287734187241;0.9916666666666667;0.9834710743801653;119.0;1;2;0.9834710743801653;0.008333333333333333;0.01652892561983471;0.9450778961181641;0.6240686774253845
Capitan;Capitan;test;SAE_D3_RVH_Capitan;VH;0.3;0.1;500;votes;0.5;0.75;144;0.993103448275862;0.862819923939436;0.9863013698630136;1.0;144.0;2;0;1.0;0.0136986301369863;0.0;0.9904512763023376;0.7224702835083008
Capitan;SEILS;test;SAE_D3_RVH_Capitan;VH;0.3;0.1;500;votes;0.5;0.75;289;0.28732394366197184;0.6712728100585983;0.24228028503562946;0.35294117647058826;102.0;319;187;0.35294117647058826;0.7577197149643705;0.6470588235294118;0.12050743401050568;0.034515056759119034
Capitan;FMT_C;test;SAE_D3_RVH_Capitan;VH;0.3;0.1;500;votes;0.5;0.75;311;0;0;0.0;0.0;0.0;0;311;0.0;0.0;1.0;0.0;0.0
Capitan;Capitan;val;SAE_D3_RVH_Capitan;VH;0.3;0.1;500;votes;0.75;0.5;121;0.9875518672199171;0.8739717689499298;0.9916666666666667;0.9834710743801653;119.0;1;2;0.9834710743801653;0.008333333333333333;0.01652892561983471;0.929526686668396;0.6205222010612488
Capitan;Capitan;test;SAE_D3_RVH_Capitan;VH;0.3;0.1;500;votes;0.75;0.5;144;0.9863013698630138;0.8642058143815324;0.972972972972973;1.0;144.0;4;0;1.0;0.02702702702702703;0.0;0.9899352788925171;0.7303647398948669
Capitan;SEILS;test;SAE_D3_RVH_Capitan;VH;0.3;0.1;500;votes;0.75;0.5;289;0.1262848751835536;0.6752321939400738;0.1096938775510204;0.14878892733564014;43.0;349;246;0.14878892733564014;0.8903061224489796;0.8512110726643599;0.024154074490070343;0.007564951665699482
Capitan;FMT_C;test;SAE_D3_RVH_Capitan;VH;0.3;0.1;500;votes;0.75;0.5;311;0;0;0.0;0.0;0.0;1;311;0.0;1.0;1.0;0.0;0.0
Capitan;Capitan;val;SAE_D3_RVH_Capitan;VH;0.3;0.1;500;votes;1.0;0.15;121;0.9754098360655739;0.8567559981541744;0.967479674796748;0.9834710743801653;119.0;4;2;0.9834710743801653;0.032520325203252036;0.01652892561983471;0.5283490419387817;0.2993636131286621
Capitan;Capitan;test;SAE_D3_RVH_Capitan;VH;0.3;0.1;500;votes;1.0;0.15;144;0.9726027397260274;0.8578037208284406;0.9594594594594594;0.9861111111111112;142.0;6;2;0.9861111111111112;0.04054054054054054;0.013888888888888888;0.9713484048843384;0.6975080370903015
Capitan;SEILS;test;SAE_D3_RVH_Capitan;VH;0.3;0.1;500;votes;1.0;0.15;289;0;0;0.0;0.0;0.0;35;289;0.0;1.0;1.0;0.0;0.0
Capitan;FMT_C;test;SAE_D3_RVH_Capitan;VH;0.3;0.1;500;votes;1.0;0.15;311;0;0;0.0;0.0;0.0;0;311;0.0;0.0;1.0;0.0;0.0
Capitan;Capitan;val;SAE_D3_RVH_Capitan;VH;0.3;0.2;500;votes;0.25;0.7;121;0.9876543209876544;0.8712465744626932;0.9836065573770492;0.9917355371900827;120.0;2;1;0.9917355371900827;0.01639344262295082;0.008264462809917356;0.9466584920883179;0.6200177669525146
Capitan;Capitan;test;SAE_D3_RVH_Capitan;VH;0.3;0.2;500;votes;0.25;0.7;144;0.9863013698630138;0.8652198626214374;0.972972972972973;1.0;144.0;4;0;1.0;0.02702702702702703;0.0;0.9917685985565186;0.732682466506958
Capitan;SEILS;test;SAE_D3_RVH_Capitan;VH;0.3;0.2;500;votes;0.25;0.7;289;0.5403899721448467;0.7472846053641873;0.4522144522144522;0.671280276816609;194.0;235;95;0.671280276816609;0.5477855477855478;0.328719723183391;0.37991461157798767;0.1680506020784378
Capitan;FMT_C;test;SAE_D3_RVH_Capitan;VH;0.3;0.2;500;votes;0.25;0.7;311;0;0;0.0;0.0;0.0;1;311;0.0;1.0;1.0;0.0;0.0
Capitan;Capitan;val;SAE_D3_RVH_Capitan;VH;0.3;0.2;500;votes;0.5;0.55;121;0.9875518672199171;0.8761977000356072;0.9916666666666667;0.9834710743801653;119.0;1;2;0.9834710743801653;0.008333333333333333;0.01652892561983471;0.9344862103462219;0.6301461458206177
Capitan;Capitan;test;SAE_D3_RVH_Capitan;VH;0.3;0.2;500;votes;0.5;0.55;144;0.9863013698630138;0.8684306570180322;0.972972972972973;1.0;144.0;4;0;1.0;0.02702702702702703;0.0;0.9902704358100891;0.739454448223114
Capitan;SEILS;test;SAE_D3_RVH_Capitan;VH;0.3;0.2;500;votes;0.5;0.55;289;0.07804878048780488;0.6817442798970116;0.0736196319018405;0.08304498269896193;24.0;302;265;0.08304498269896193;0.9263803680981595;0.916955017301038;0.01296396553516388;0.004545131232589483
Capitan;FMT_C;test;SAE_D3_RVH_Capitan;VH;0.3;0.2;500;votes;0.5;0.55;311;0;0;0.0;0.0;0.0;1;311;0.0;1.0;1.0;0.0;0.0
Capitan;Capitan;val;SAE_D3_RVH_Capitan;VH;0.3;0.2;500;votes;0.75;0.45;121;0.9834710743801653;0.8746344977437185;0.9834710743801653;0.9834710743801653;119.0;2;2;0.9834710743801653;0.01652892561983471;0.01652892561983471;0.8540041446685791;0.547947108745575
Capitan;Capitan;test;SAE_D3_RVH_Capitan;VH;0.3;0.2;500;votes;0.75;0.45;144;0.9896907216494846;0.8669554196643321;0.9795918367346939;1.0;144.0;3;0;1.0;0.02040816326530612;0.0;0.9825180172920227;0.7200966477394104
Capitan;SEILS;test;SAE_D3_RVH_Capitan;VH;0.3;0.2;500;votes;0.75;0.45;289;0.017142857142857144;0.6540366719971124;0.04918032786885246;0.010380622837370242;3.0;58;286;0.010380622837370242;0.9508196721311475;0.9896193771626297;0.003490560222417116;0.0009275664342567325
Capitan;FMT_C;test;SAE_D3_RVH_Capitan;VH;0.3;0.2;500;votes;0.75;0.45;311;0;0;0.0;0.0;0.0;0;311;0.0;0.0;1.0;0.0;0.0
Capitan;Capitan;val;SAE_D3_RVH_Capitan;VH;0.3;0.2;500;votes;1.0;0.1;121;0.38888888888888884;0.7474229742564097;0.33532934131736525;0.4628099173553719;56.0;111;65;0.4628099173553719;0.6646706586826348;0.5371900826446281;0.019926995038986206;0.008233929984271526
Capitan;Capitan;test;SAE_D3_RVH_Capitan;VH;0.3;0.2;500;votes;1.0;0.1;144;0.4840764331210191;0.784345568648218;0.4470588235294118;0.5277777777777778;76.0;94;68;0.5277777777777778;0.5529411764705883;0.4722222222222222;0.27527740597724915;0.13829316198825836
Capitan;SEILS;test;SAE_D3_RVH_Capitan;VH;0.3;0.2;500;votes;1.0;0.1;289;0;0;0.0;0.0;0.0;0;289;0.0;0.0;1.0;0.0;0.0
Capitan;FMT_C;test;SAE_D3_RVH_Capitan;VH;0.3;0.2;500;votes;1.0;0.1;311;0;0;0.0;0.0;0.0;0;311;0.0;0.0;1.0;0.0;0.0
Capitan;Capitan;val;SAE_D3_RVH_Capitan;VH;0.3;0.3;500;votes;0.25;0.75;121;0.9875518672199171;0.870530296590916;0.9916666666666667;0.9834710743801653;119.0;1;2;0.9834710743801653;0.008333333333333333;0.01652892561983471;0.951714038848877;0.6415027379989624
Capitan;Capitan;test;SAE_D3_RVH_Capitan;VH;0.3;0.3;500;votes;0.25;0.75;144;0.9862068965517242;0.8671063403578027;0.9794520547945206;0.9930555555555556;143.0;3;1;0.9930555555555556;0.02054794520547945;0.006944444444444444;0.9822320938110352;0.7317821979522705
Capitan;SEILS;test;SAE_D3_RVH_Capitan;VH;0.3;0.3;500;votes;0.25;0.75;289;0.1661721068249258;0.6676661483416231;0.14545454545454545;0.19377162629757785;56.0;329;233;0.19377162629757785;0.8545454545454545;0.8062283737024222;0.04791576415300369;0.014705643057823181
Capitan;FMT_C;test;SAE_D3_RVH_Capitan;VH;0.3;0.3;500;votes;0.25;0.75;311;0;0;0.0;0.0;0.0;0;311;0.0;0.0;1.0;0.0;0.0
Capitan;Capitan;val;SAE_D3_RVH_Capitan;VH;0.3;0.3;500;votes;0.5;0.25;121;0.9876543209876544;0.8722537339821531;0.9836065573770492;0.9917355371900827;120.0;2;1;0.9917355371900827;0.01639344262295082;0.008264462809917356;0.8983286023139954;0.5867984294891357
Capitan;Capitan;test;SAE_D3_RVH_Capitan;VH;0.3;0.3;500;votes;0.5;0.25;144;0.963210702341137;0.8608795790644577;0.9290322580645162;1.0;144.0;11;0;1.0;0.07096774193548387;0.0;0.9922167658805847;0.7243024110794067
Capitan;SEILS;test;SAE_D3_RVH_Capitan;VH;0.3;0.3;500;votes;0.5;0.25;289;0.062350119904076746;0.6128656271174587;0.1015625;0.04498269896193772;13.0;115;276;0.04498269896193772;0.8984375;0.9550173010380623;0.008559782058000565;0.00211598863825202
Capitan;FMT_C;test;SAE_D3_RVH_Capitan;VH;0.3;0.3;500;votes;0.5;0.25;311;0;0;0.0;0.0;0.0;1;311;0.0;1.0;1.0;0.0;0.0
Capitan;Capitan;val;SAE_D3_RVH_Capitan;VH;0.3;0.3;500;votes;0.75;0.15;121;0.9834710743801653;0.8735003055726669;0.9834710743801653;0.9834710743801653;119.0;2;2;0.9834710743801653;0.01652892561983471;0.01652892561983471;0.5770798325538635;0.3198726773262024
Capitan;Capitan;test;SAE_D3_RVH_Capitan;VH;0.3;0.3;500;votes;0.75;0.15;144;0.9829351535836178;0.8654627869224448;0.9664429530201343;1.0;144.0;5;0;1.0;0.03355704697986577;0.0;0.9913864135742188;0.7264838218688965
Capitan;SEILS;test;SAE_D3_RVH_Capitan;VH;0.3;0.3;500;votes;0.75;0.15;289;0;0;0.0;0.0;0.0;17;289;0.0;1.0;1.0;0.0;0.0
Capitan;FMT_C;test;SAE_D3_RVH_Capitan;VH;0.3;0.3;500;votes;0.75;0.15;311;0;0;0.0;0.0;0.0;1;311;0.0;1.0;1.0;0.0;0.0
Capitan;Capitan;val;SAE_D3_RVH_Capitan;VH;0.3;0.3;500;votes;1.0;0.9;121;0;0;0.0;0.0;0.0;0;121;0.0;0.0;1.0;0.0;0.0
Capitan;Capitan;test;SAE_D3_RVH_Capitan;VH;0.3;0.3;500;votes;1.0;0.9;144;0;0;0.0;0.0;0.0;0;144;0.0;0.0;1.0;0.0;0.0
Capitan;SEILS;test;SAE_D3_RVH_Capitan;VH;0.3;0.3;500;votes;1.0;0.9;289;0;0;0.0;0.0;0.0;0;289;0.0;0.0;1.0;0.0;0.0
Capitan;FMT_C;test;SAE_D3_RVH_Capitan;VH;0.3;0.3;500;votes;1.0;0.9;311;0;0;0.0;0.0;0.0;0;311;0.0;0.0;1.0;0.0;0.0
Capitan;Capitan;val;SAE_D3_RVH_Capitan;VH;0.3;0.4;500;votes;0.25;0.6;121;0.9875518672199171;0.8743178178061363;0.9916666666666667;0.9834710743801653;119.0;1;2;0.9834710743801653;0.008333333333333333;0.01652892561983471;0.9443156123161316;0.6445565223693848
Capitan;Capitan;test;SAE_D3_RVH_Capitan;VH;0.3;0.4;500;votes;0.25;0.6;144;0.9863013698630138;0.8672948342463964;0.972972972972973;1.0;144.0;4;0;1.0;0.02702702702702703;0.0;0.9917527437210083;0.7383623719215393
Capitan;SEILS;test;SAE_D3_RVH_Capitan;VH;0.3;0.4;500;votes;0.25;0.6;289;0.06965174129353234;0.6853708933111383;0.12389380530973451;0.04844290657439446;14.0;99;275;0.04844290657439446;0.8761061946902655;0.9515570934256056;0.01302406657487154;0.004933350719511509
Capitan;FMT_C;test;SAE_D3_RVH_Capitan;VH;0.3;0.4;500;votes;0.25;0.6;311;0;0;0.0;0.0;0.0;0;311;0.0;0.0;1.0;0.0;0.0
Capitan;Capitan;val;SAE_D3_RVH_Capitan;VH;0.3;0.4;500;votes;0.5;0.15;121;0.995850622406639;0.8726371223905588;1.0;0.9917355371900827;120.0;0;1;0.9917355371900827;0.0;0.008264462809917356;0.5770848393440247;0.3004118800163269
Capitan;Capitan;test;SAE_D3_RVH_Capitan;VH;0.3;0.4;500;votes;0.5;0.15;144;0.9863013698630138;0.8674431915829907;0.972972972972973;1.0;144.0;4;0;1.0;0.02702702702702703;0.0;0.9934334754943848;0.7356842160224915
Capitan;SEILS;test;SAE_D3_RVH_Capitan;VH;0.3;0.4;500;votes;0.5;0.15;289;0;0;0.0;0.0;0.0;17;289;0.0;1.0;1.0;0.0;0.0
Capitan;FMT_C;test;SAE_D3_RVH_Capitan;VH;0.3;0.4;500;votes;0.5;0.15;311;0;0;0.0;0.0;0.0;1;311;0.0;1.0;1.0;0.0;0.0
Capitan;Capitan;val;SAE_D3_RVH_Capitan;VH;0.3;0.4;500;votes;0.75;0.1;121;0.7286821705426357;0.7461452711315409;0.6861313868613139;0.7768595041322314;94.0;43;27;0.7768595041322314;0.31386861313868614;0.2231404958677686;0.040325265377759933;0.014027846045792103
Capitan;Capitan;test;SAE_D3_RVH_Capitan;VH;0.3;0.4;500;votes;0.75;0.1;144;0.6559485530546624;0.7633650517842402;0.6107784431137725;0.7083333333333334;102.0;65;42;0.7083333333333334;0.38922155688622756;0.2916666666666667;0.4785000681877136;0.2296859472990036
Capitan;SEILS;test;SAE_D3_RVH_Capitan;VH;0.3;0.4;500;votes;0.75;0.1;289;0;0;0.0;0.0;0.0;0;289;0.0;0.0;1.0;0.0;0.0
Capitan;FMT_C;test;SAE_D3_RVH_Capitan;VH;0.3;0.4;500;votes;0.75;0.1;311;0;0;0.0;0.0;0.0;0;311;0.0;0.0;1.0;0.0;0.0
Capitan;Capitan;val;SAE_D3_RVH_Capitan;VH;0.3;0.4;500;votes;1.0;0.9;121;0;0;0.0;0.0;0.0;0;121;0.0;0.0;1.0;0.0;0.0
Capitan;Capitan;test;SAE_D3_RVH_Capitan;VH;0.3;0.4;500;votes;1.0;0.9;144;0;0;0.0;0.0;0.0;0;144;0.0;0.0;1.0;0.0;0.0
Capitan;SEILS;test;SAE_D3_RVH_Capitan;VH;0.3;0.4;500;votes;1.0;0.9;289;0;0;0.0;0.0;0.0;0;289;0.0;0.0;1.0;0.0;0.0
Capitan;FMT_C;test;SAE_D3_RVH_Capitan;VH;0.3;0.4;500;votes;1.0;0.9;311;0;0;0.0;0.0;0.0;0;311;0.0;0.0;1.0;0.0;0.0
Capitan;Capitan;val;SAE_D3_RVH_Capitan;VH;0.3;0.5;500;votes;0.25;0.3;121;0.995850622406639;0.8664956553157664;1.0;0.9917355371900827;120.0;0;1;0.9917355371900827;0.0;0.008264462809917356;0.7583285570144653;0.42362111806869507
Capitan;Capitan;test;SAE_D3_RVH_Capitan;VH;0.3;0.5;500;votes;0.25;0.3;144;0.9863013698630138;0.8658638446024057;0.972972972972973;1.0;144.0;4;0;1.0;0.02702702702702703;0.0;0.992333173751831;0.7243615388870239
Capitan;SEILS;test;SAE_D3_RVH_Capitan;VH;0.3;0.5;500;votes;0.25;0.3;289;0.024922118380062308;0.5818885912244439;0.125;0.01384083044982699;4.0;28;285;0.01384083044982699;0.875;0.986159169550173;0.005602241028100252;0.0016855258727446198
Capitan;FMT_C;test;SAE_D3_RVH_Capitan;VH;0.3;0.5;500;votes;0.25;0.3;311;0;0;0.0;0.0;0.0;1;311;0.0;1.0;1.0;0.0;0.0
Capitan;Capitan;val;SAE_D3_RVH_Capitan;VH;0.3;0.5;500;votes;0.5;0.1;121;0.42181818181818187;0.675337138536131;0.37662337662337664;0.4793388429752066;58.0;96;63;0.4793388429752066;0.6233766233766234;0.5206611570247934;0.011234413832426071;0.003527726512402296
Capitan;Capitan;test;SAE_D3_RVH_Capitan;VH;0.3;0.5;500;votes;0.5;0.1;144;0.4037267080745341;0.7364614990867273;0.3651685393258427;0.4513888888888889;65.0;113;79;0.4513888888888889;0.6348314606741573;0.5486111111111112;0.23971876502037048;0.09868945926427841
Capitan;SEILS;test;SAE_D3_RVH_Capitan;VH;0.3;0.5;500;votes;0.5;0.1;289;0;0;0.0;0.0;0.0;0;289;0.0;0.0;1.0;0.0;0.0
Capitan;FMT_C;test;SAE_D3_RVH_Capitan;VH;0.3;0.5;500;votes;0.5;0.1;311;0;0;0.0;0.0;0.0;0;311;0.0;0.0;1.0;0.0;0.0
Capitan;Capitan;val;SAE_D3_RVH_Capitan;VH;0.3;0.5;500;votes;0.75;0.9;121;0;0;0.0;0.0;0.0;0;121;0.0;0.0;1.0;0.0;0.0
Capitan;Capitan;test;SAE_D3_RVH_Capitan;VH;0.3;0.5;500;votes;0.75;0.9;144;0;0;0.0;0.0;0.0;0;144;0.0;0.0;1.0;0.0;0.0
Capitan;SEILS;test;SAE_D3_RVH_Capitan;VH;0.3;0.5;500;votes;0.75;0.9;289;0;0;0.0;0.0;0.0;0;289;0.0;0.0;1.0;0.0;0.0
Capitan;FMT_C;test;SAE_D3_RVH_Capitan;VH;0.3;0.5;500;votes;0.75;0.9;311;0;0;0.0;0.0;0.0;0;311;0.0;0.0;1.0;0.0;0.0
Capitan;Capitan;val;SAE_D3_RVH_Capitan;VH;0.3;0.5;500;votes;1.0;0.9;121;0;0;0.0;0.0;0.0;0;121;0.0;0.0;1.0;0.0;0.0
Capitan;Capitan;test;SAE_D3_RVH_Capitan;VH;0.3;0.5;500;votes;1.0;0.9;144;0;0;0.0;0.0;0.0;0;144;0.0;0.0;1.0;0.0;0.0
Capitan;SEILS;test;SAE_D3_RVH_Capitan;VH;0.3;0.5;500;votes;1.0;0.9;289;0;0;0.0;0.0;0.0;0;289;0.0;0.0;1.0;0.0;0.0
Capitan;FMT_C;test;SAE_D3_RVH_Capitan;VH;0.3;0.5;500;votes;1.0;0.9;311;0;0;0.0;0.0;0.0;0;311;0.0;0.0;1.0;0.0;0.0
