Source;Target;Partition;model;Resize;dropoutTrain;dropoutVal;Repetitions;Combination;VoteTH;BinTH;TotalGTBoxes;F1;IoU;Prec;Recall;TP;FP;FN;TP-norm;FP-norm;FN-norm;mAP;COCO
Capitan;Capitan;val;SAE_D3_RVH_Capitan;VH;0.3;0.1;1;mean;0.0;0.55;121;0.9516129032258065;0.8518562191318376;0.9291338582677166;0.9752066115702479;118.0;9;3;0.9752066115702479;0.07086614173228346;0.024793388429752067;0.8808680176734924;0.5499820709228516
Capitan;Capitan;test;SAE_D3_RVH_Capitan;VH;0.3;0.1;1;mean;0;0.55;144;0.963210702341137;0.850069329924434;0.9290322580645162;1.0;144.0;11;0;1.0;0.07096774193548387;0.0;0.9916766881942749;0.6904849410057068
Capitan;SEILS;test;SAE_D3_RVH_Capitan;VH;0.3;0.1;1;mean;0;0.55;289;0.3407407407407407;0.7393628313192492;0.2979274611398964;0.39792387543252594;115.0;271;174;0.39792387543252594;0.7020725388601037;0.6020761245674741;0.16441883146762848;0.06551531702280045
Capitan;FMT_C;test;SAE_D3_RVH_Capitan;VH;0.3;0.1;1;mean;0;0.55;311;0;0;0.0;0.0;0.0;3;311;0.0;1.0;1.0;0.0;0.0
Capitan;Capitan;val;SAE_D3_RVH_Capitan;VH;0.3;0.2;1;mean;0.0;0.2;121;0.921875;0.8207148274857621;0.8740740740740741;0.9752066115702479;118.0;17;3;0.9752066115702479;0.1259259259259259;0.024793388429752067;0.8535953164100647;0.5493669509887695
Capitan;Capitan;test;SAE_D3_RVH_Capitan;VH;0.3;0.2;1;mean;0;0.2;144;0.9142857142857143;0.8173067212069048;0.8421052631578947;1.0;144.0;27;0;1.0;0.15789473684210525;0.0;0.9884705543518066;0.6120771169662476
Capitan;SEILS;test;SAE_D3_RVH_Capitan;VH;0.3;0.2;1;mean;0;0.2;289;0.18524332810047095;0.7249727637370494;0.16954022988505746;0.2041522491349481;59.0;289;230;0.2041522491349481;0.8304597701149425;0.7958477508650519;0.06995096057653427;0.0286848284304142
Capitan;FMT_C;test;SAE_D3_RVH_Capitan;VH;0.3;0.2;1;mean;0;0.2;311;0;0;0.0;0.0;0.0;34;311;0.0;1.0;1.0;0.0;0.0
Capitan;Capitan;val;SAE_D3_RVH_Capitan;VH;0.3;0.3;1;mean;0.0;0.15;121;0.924901185770751;0.8201089917169077;0.8863636363636364;0.9669421487603306;117.0;15;4;0.9669421487603306;0.11363636363636363;0.03305785123966942;0.7380867600440979;0.4487246572971344
Capitan;Capitan;test;SAE_D3_RVH_Capitan;VH;0.3;0.3;1;mean;0;0.15;144;0.9171974522292993;0.8265369329829522;0.8470588235294118;1.0;144.0;26;0;1.0;0.15294117647058825;0.0;0.9788255095481873;0.6265631318092346
Capitan;SEILS;test;SAE_D3_RVH_Capitan;VH;0.3;0.3;1;mean;0;0.15;289;0.12099644128113879;0.6839598580649576;0.12454212454212454;0.11764705882352941;34.0;239;255;0.11764705882352941;0.8754578754578755;0.8823529411764706;0.029007460922002792;0.01001646276563406
Capitan;FMT_C;test;SAE_D3_RVH_Capitan;VH;0.3;0.3;1;mean;0;0.15;311;0;0;0.0;0.0;0.0;32;311;0.0;1.0;1.0;0.0;0.0
Capitan;Capitan;val;SAE_D3_RVH_Capitan;VH;0.3;0.4;1;mean;0.0;0.1;121;0.8270042194092827;0.7683706584280363;0.8448275862068966;0.8099173553719008;98.0;18;23;0.8099173553719008;0.15517241379310345;0.19008264462809918;0.5919477343559265;0.3118673861026764
Capitan;Capitan;test;SAE_D3_RVH_Capitan;VH;0.3;0.4;1;mean;0;0.1;144;0.691860465116279;0.7993370192790169;0.595;0.8263888888888888;119.0;81;25;0.8263888888888888;0.405;0.1736111111111111;0.713236927986145;0.3873623013496399
Capitan;SEILS;test;SAE_D3_RVH_Capitan;VH;0.3;0.4;1;mean;0;0.1;289;0.03440860215053764;0.6819142085048169;0.045454545454545456;0.02768166089965398;8.0;168;281;0.02768166089965398;0.9545454545454546;0.972318339100346;0.003498074598610401;0.0015642105136066675
Capitan;FMT_C;test;SAE_D3_RVH_Capitan;VH;0.3;0.4;1;mean;0;0.1;311;0.004914004914004914;0.6490132065078661;0.010416666666666666;0.003215434083601286;1.0;95;310;0.003215434083601286;0.9895833333333334;0.9967845659163987;0.0003132987185381353;0.00026402639923617244
Capitan;Capitan;val;SAE_D3_RVH_Capitan;VH;0.3;0.5;1;mean;0.0;0.25;121;0.5252525252525252;0.7059040096979616;0.6753246753246753;0.4297520661157025;52.0;25;69;0.4297520661157025;0.3246753246753247;0.5702479338842975;0.17704883217811584;0.06881292164325714
Capitan;Capitan;test;SAE_D3_RVH_Capitan;VH;0.3;0.5;1;mean;0;0.25;144;0.45999999999999996;0.7289691953569428;0.4423076923076923;0.4791666666666667;69.0;87;75;0.4791666666666667;0.5576923076923077;0.5208333333333334;0.35443150997161865;0.14630386233329773
Capitan;SEILS;test;SAE_D3_RVH_Capitan;VH;0.3;0.5;1;mean;0;0.25;289;0.07125890736342042;0.6921165452938017;0.11363636363636363;0.05190311418685121;15.0;117;274;0.05190311418685121;0.8863636363636364;0.9480968858131488;0.01117723062634468;0.0039307186380028725
Capitan;FMT_C;test;SAE_D3_RVH_Capitan;VH;0.3;0.5;1;mean;0;0.25;311;0;0;0.0;0.0;0.0;58;311;0.0;1.0;1.0;0.0;0.0
Capitan;Capitan;val;SAE_D3_RVH_Capitan;VH;0.3;0.1;2;mean;0.0;0.55;121;0.9917355371900827;0.8645567687068595;0.9917355371900827;0.9917355371900827;120.0;1;1;0.9917355371900827;0.008264462809917356;0.008264462809917356;0.9342337846755981;0.6068379282951355
Capitan;Capitan;test;SAE_D3_RVH_Capitan;VH;0.3;0.1;2;mean;0;0.55;144;0.9664429530201343;0.8578750584306405;0.935064935064935;1.0;144.0;10;0;1.0;0.06493506493506493;0.0;0.988688051700592;0.7097828984260559
Capitan;SEILS;test;SAE_D3_RVH_Capitan;VH;0.3;0.1;2;mean;0;0.55;289;0.34744525547445254;0.7198532462034101;0.3005050505050505;0.4117647058823529;119.0;277;170;0.4117647058823529;0.6994949494949495;0.5882352941176471;0.16936828196048737;0.06324805319309235
Capitan;FMT_C;test;SAE_D3_RVH_Capitan;VH;0.3;0.1;2;mean;0;0.55;311;0;0;0.0;0.0;0.0;1;311;0.0;1.0;1.0;0.0;0.0
Capitan;Capitan;val;SAE_D3_RVH_Capitan;VH;0.3;0.2;2;mean;0.0;0.55;121;0.9876543209876544;0.8614919764172373;0.9836065573770492;0.9917355371900827;120.0;2;1;0.9917355371900827;0.01639344262295082;0.008264462809917356;0.9086812734603882;0.5788916945457458
Capitan;Capitan;test;SAE_D3_RVH_Capitan;VH;0.3;0.2;2;mean;0;0.55;144;0.9829351535836178;0.8646015491775255;0.9664429530201343;1.0;144.0;5;0;1.0;0.03355704697986577;0.0;0.9966307878494263;0.726216733455658
Capitan;SEILS;test;SAE_D3_RVH_Capitan;VH;0.3;0.2;2;mean;0;0.55;289;0.0841300191204589;0.714161359084626;0.09401709401709402;0.07612456747404844;22.0;212;267;0.07612456747404844;0.905982905982906;0.9238754325259516;0.009938444942235947;0.004045308567583561
Capitan;FMT_C;test;SAE_D3_RVH_Capitan;VH;0.3;0.2;2;mean;0;0.55;311;0;0;0.0;0.0;0.0;0;311;0.0;0.0;1.0;0.0;0.0
Capitan;Capitan;val;SAE_D3_RVH_Capitan;VH;0.3;0.3;2;mean;0.0;0.2;121;0.9836065573770492;0.8197273163480447;0.975609756097561;0.9917355371900827;120.0;3;1;0.9917355371900827;0.024390243902439025;0.008264462809917356;0.6904113292694092;0.408469021320343
Capitan;Capitan;test;SAE_D3_RVH_Capitan;VH;0.3;0.3;2;mean;0;0.2;144;0.88125;0.8096543827170436;0.8011363636363636;0.9791666666666666;141.0;35;3;0.9791666666666666;0.19886363636363635;0.020833333333333332;0.9277517795562744;0.5403765439987183
Capitan;SEILS;test;SAE_D3_RVH_Capitan;VH;0.3;0.3;2;mean;0;0.2;289;0.14213197969543145;0.7138804901270438;0.1390728476821192;0.1453287197231834;42.0;260;247;0.1453287197231834;0.8609271523178808;0.8546712802768166;0.033072683960199356;0.012052217498421669
Capitan;FMT_C;test;SAE_D3_RVH_Capitan;VH;0.3;0.3;2;mean;0;0.2;311;0;0;0.0;0.0;0.0;58;311;0.0;1.0;1.0;0.0;0.0
Capitan;Capitan;val;SAE_D3_RVH_Capitan;VH;0.3;0.4;2;mean;0.0;0.15;121;0.921259842519685;0.7705806142477359;0.8796992481203008;0.9669421487603306;117.0;16;4;0.9669421487603306;0.12030075187969924;0.03305785123966942;0.41986748576164246;0.20565077662467957
Capitan;Capitan;test;SAE_D3_RVH_Capitan;VH;0.3;0.4;2;mean;0;0.15;144;0.7670454545454545;0.7644424099422449;0.6490384615384616;0.9375;135.0;73;9;0.9375;0.35096153846153844;0.0625;0.8018891215324402;0.3786953389644623
Capitan;SEILS;test;SAE_D3_RVH_Capitan;VH;0.3;0.4;2;mean;0;0.15;289;0.11510791366906475;0.697693005870554;0.1198501872659176;0.11072664359861592;32.0;235;257;0.11072664359861592;0.8801498127340824;0.889273356401384;0.02306753396987915;0.00862616952508688
Capitan;FMT_C;test;SAE_D3_RVH_Capitan;VH;0.3;0.4;2;mean;0;0.15;311;0;0;0.0;0.0;0.0;92;311;0.0;1.0;1.0;0.0;0.0
Capitan;Capitan;val;SAE_D3_RVH_Capitan;VH;0.3;0.5;2;mean;0.0;0.2;121;0.6774193548387097;0.7483224097110328;0.6614173228346457;0.6942148760330579;84.0;43;37;0.6942148760330579;0.33858267716535434;0.30578512396694213;0.21966451406478882;0.0937902107834816
Capitan;Capitan;test;SAE_D3_RVH_Capitan;VH;0.3;0.5;2;mean;0;0.2;144;0.5740181268882176;0.7273099476541254;0.5080213903743316;0.6597222222222222;95.0;92;49;0.6597222222222222;0.4919786096256685;0.3402777777777778;0.5189530253410339;0.2121245115995407
Capitan;SEILS;test;SAE_D3_RVH_Capitan;VH;0.3;0.5;2;mean;0;0.2;289;0.06841046277665996;0.7280917988700564;0.08173076923076923;0.058823529411764705;17.0;191;272;0.058823529411764705;0.9182692307692307;0.9411764705882353;0.007878038100898266;0.0037439826410263777
Capitan;FMT_C;test;SAE_D3_RVH_Capitan;VH;0.3;0.5;2;mean;0;0.2;311;0.004901960784313725;0.5007821575156819;0.010309278350515464;0.003215434083601286;1.0;96;310;0.003215434083601286;0.9896907216494846;0.9967845659163987;6.990074325585738e-05;2.1523892428376712e-05
Capitan;Capitan;val;SAE_D3_RVH_Capitan;VH;0.3;0.1;5;mean;0.0;0.75;121;0.9875518672199171;0.8647896905429955;0.9916666666666667;0.9834710743801653;119.0;1;2;0.9834710743801653;0.008333333333333333;0.01652892561983471;0.9374308586120605;0.6083441376686096
Capitan;Capitan;test;SAE_D3_RVH_Capitan;VH;0.3;0.1;5;mean;0;0.75;144;0.9759450171821307;0.8618932351395682;0.9659863945578231;0.9861111111111112;142.0;5;2;0.9861111111111112;0.034013605442176874;0.013888888888888888;0.9718202352523804;0.7006489038467407
Capitan;SEILS;test;SAE_D3_RVH_Capitan;VH;0.3;0.1;5;mean;0;0.75;289;0.17073170731707316;0.7248810829463647;0.17192982456140352;0.1695501730103806;49.0;236;240;0.1695501730103806;0.8280701754385965;0.8304498269896193;0.04377348721027374;0.017168639227747917
Capitan;FMT_C;test;SAE_D3_RVH_Capitan;VH;0.3;0.1;5;mean;0;0.75;311;0;0;0.0;0.0;0.0;0;311;0.0;0.0;1.0;0.0;0.0
Capitan;Capitan;val;SAE_D3_RVH_Capitan;VH;0.3;0.2;5;mean;0.0;0.65;121;0.9875518672199171;0.86235714140432;0.9916666666666667;0.9834710743801653;119.0;1;2;0.9834710743801653;0.008333333333333333;0.01652892561983471;0.882316529750824;0.5742349624633789
Capitan;Capitan;test;SAE_D3_RVH_Capitan;VH;0.3;0.2;5;mean;0;0.65;144;0.9759450171821307;0.8583643276869788;0.9659863945578231;0.9861111111111112;142.0;5;2;0.9861111111111112;0.034013605442176874;0.013888888888888888;0.9592285752296448;0.6795034408569336
Capitan;SEILS;test;SAE_D3_RVH_Capitan;VH;0.3;0.2;5;mean;0;0.65;289;0.060747663551401876;0.7232461532232022;0.09352517985611511;0.04498269896193772;13.0;126;276;0.04498269896193772;0.9064748201438849;0.9550173010380623;0.008412421680986881;0.003697257023304701
Capitan;FMT_C;test;SAE_D3_RVH_Capitan;VH;0.3;0.2;5;mean;0;0.65;311;0;0;0.0;0.0;0.0;0;311;0.0;0.0;1.0;0.0;0.0
Capitan;Capitan;val;SAE_D3_RVH_Capitan;VH;0.3;0.3;5;mean;0.0;0.5;121;0.9834710743801653;0.8608296423356558;0.9834710743801653;0.9834710743801653;119.0;2;2;0.9834710743801653;0.01652892561983471;0.01652892561983471;0.7140090465545654;0.44690829515457153
Capitan;Capitan;test;SAE_D3_RVH_Capitan;VH;0.3;0.3;5;mean;0;0.5;144;0.9594594594594595;0.8447861497107003;0.9342105263157895;0.9861111111111112;142.0;10;2;0.9861111111111112;0.06578947368421052;0.013888888888888888;0.9603669047355652;0.6438957452774048
Capitan;SEILS;test;SAE_D3_RVH_Capitan;VH;0.3;0.3;5;mean;0;0.5;289;0.05504587155963303;0.6867651646767063;0.08163265306122448;0.04152249134948097;12.0;135;277;0.04152249134948097;0.9183673469387755;0.9584775086505191;0.008133630268275738;0.0028468521777540445
Capitan;FMT_C;test;SAE_D3_RVH_Capitan;VH;0.3;0.3;5;mean;0;0.5;311;0;0;0.0;0.0;0.0;0;311;0.0;0.0;1.0;0.0;0.0
Capitan;Capitan;val;SAE_D3_RVH_Capitan;VH;0.3;0.4;5;mean;0.0;0.25;121;0.9677419354838711;0.8402327465189906;0.9448818897637795;0.9917355371900827;120.0;7;1;0.9917355371900827;0.05511811023622047;0.008264462809917356;0.46251028776168823;0.25860971212387085
Capitan;Capitan;test;SAE_D3_RVH_Capitan;VH;0.3;0.4;5;mean;0;0.25;144;0.8761904761904762;0.8307432767321602;0.8070175438596491;0.9583333333333334;138.0;33;6;0.9583333333333334;0.19298245614035087;0.041666666666666664;0.8950744867324829;0.5829119682312012
Capitan;SEILS;test;SAE_D3_RVH_Capitan;VH;0.3;0.4;5;mean;0;0.25;289;0.15853658536585366;0.7276043556617894;0.1921182266009852;0.13494809688581316;39.0;164;250;0.13494809688581316;0.8078817733990148;0.8650519031141869;0.04387039318680763;0.01802719011902809
Capitan;FMT_C;test;SAE_D3_RVH_Capitan;VH;0.3;0.4;5;mean;0;0.25;311;0;0;0.0;0.0;0.0;13;311;0.0;1.0;1.0;0.0;0.0
Capitan;Capitan;val;SAE_D3_RVH_Capitan;VH;0.3;0.5;5;mean;0.0;0.15;121;0.8764940239043824;0.7715379343192458;0.8461538461538461;0.9090909090909091;110.0;20;11;0.9090909090909091;0.15384615384615385;0.09090909090909091;0.20307636260986328;0.09488531202077866
Capitan;Capitan;test;SAE_D3_RVH_Capitan;VH;0.3;0.5;5;mean;0;0.15;144;0.848297213622291;0.7862702140422564;0.7653631284916201;0.9513888888888888;137.0;42;7;0.9513888888888888;0.2346368715083799;0.04861111111111111;0.8444170355796814;0.45284003019332886
Capitan;SEILS;test;SAE_D3_RVH_Capitan;VH;0.3;0.5;5;mean;0;0.15;289;0.16776315789473686;0.7120118493230425;0.15987460815047022;0.17647058823529413;51.0;268;238;0.17647058823529413;0.8401253918495298;0.8235294117647058;0.04761607199907303;0.016787465661764145
Capitan;FMT_C;test;SAE_D3_RVH_Capitan;VH;0.3;0.5;5;mean;0;0.15;311;0.019753086419753083;0.5676477076717672;0.0425531914893617;0.012861736334405145;4.0;90;307;0.012861736334405145;0.9574468085106383;0.9871382636655949;0.001092676306143403;0.0002732081920839846
Capitan;Capitan;val;SAE_D3_RVH_Capitan;VH;0.3;0.1;25;mean;0.0;0.65;121;0.9834710743801653;0.8751498453746921;0.9834710743801653;0.9834710743801653;119.0;2;2;0.9834710743801653;0.01652892561983471;0.01652892561983471;0.9280568957328796;0.6045161485671997
Capitan;Capitan;test;SAE_D3_RVH_Capitan;VH;0.3;0.1;25;mean;0;0.65;144;0.9896907216494846;0.8661254300109776;0.9795918367346939;1.0;144.0;3;0;1.0;0.02040816326530612;0.0;0.9900820255279541;0.7293159365653992
Capitan;SEILS;test;SAE_D3_RVH_Capitan;VH;0.3;0.1;25;mean;0;0.65;289;0.22065063649222066;0.7064229640444248;0.18660287081339713;0.2698961937716263;78.0;340;211;0.2698961937716263;0.8133971291866029;0.7301038062283737;0.07241924852132797;0.02563457563519478
Capitan;FMT_C;test;SAE_D3_RVH_Capitan;VH;0.3;0.1;25;mean;0;0.65;311;0;0;0.0;0.0;0.0;0;311;0.0;0.0;1.0;0.0;0.0
Capitan;Capitan;val;SAE_D3_RVH_Capitan;VH;0.3;0.2;25;mean;0.0;0.55;121;0.9834710743801653;0.8741871355082402;0.9834710743801653;0.9834710743801653;119.0;2;2;0.9834710743801653;0.01652892561983471;0.01652892561983471;0.8772847652435303;0.5623583197593689
Capitan;Capitan;test;SAE_D3_RVH_Capitan;VH;0.3;0.2;25;mean;0;0.55;144;0.9863013698630138;0.867943341839251;0.972972972972973;1.0;144.0;4;0;1.0;0.02702702702702703;0.0;0.990558385848999;0.734075129032135
Capitan;SEILS;test;SAE_D3_RVH_Capitan;VH;0.3;0.2;25;mean;0;0.55;289;0.11721611721611722;0.6961767445721383;0.1245136186770428;0.11072664359861592;32.0;225;257;0.11072664359861592;0.8754863813229572;0.889273356401384;0.019912566989660263;0.007889671251177788
Capitan;FMT_C;test;SAE_D3_RVH_Capitan;VH;0.3;0.2;25;mean;0;0.55;311;0;0;0.0;0.0;0.0;1;311;0.0;1.0;1.0;0.0;0.0
Capitan;Capitan;val;SAE_D3_RVH_Capitan;VH;0.3;0.3;25;mean;0.0;0.45;121;0.9875518672199171;0.8726842872770686;0.9916666666666667;0.9834710743801653;119.0;1;2;0.9834710743801653;0.008333333333333333;0.01652892561983471;0.7096138000488281;0.43319621682167053
Capitan;Capitan;test;SAE_D3_RVH_Capitan;VH;0.3;0.3;25;mean;0;0.45;144;0.993103448275862;0.8714769489797878;0.9863013698630136;1.0;144.0;2;0;1.0;0.0136986301369863;0.0;0.9924883842468262;0.738916277885437
Capitan;SEILS;test;SAE_D3_RVH_Capitan;VH;0.3;0.3;25;mean;0;0.45;289;0.07962529274004684;0.6538585954586171;0.12318840579710146;0.058823529411764705;17.0;121;272;0.058823529411764705;0.8768115942028986;0.9411764705882353;0.016807060688734055;0.005632774438709021
Capitan;FMT_C;test;SAE_D3_RVH_Capitan;VH;0.3;0.3;25;mean;0;0.45;311;0;0;0.0;0.0;0.0;1;311;0.0;1.0;1.0;0.0;0.0
Capitan;Capitan;val;SAE_D3_RVH_Capitan;VH;0.3;0.4;25;mean;0.0;0.25;121;0.995850622406639;0.8686373903528026;1.0;0.9917355371900827;120.0;0;1;0.9917355371900827;0.0;0.008264462809917356;0.44289761781692505;0.25469404458999634
Capitan;Capitan;test;SAE_D3_RVH_Capitan;VH;0.3;0.4;25;mean;0;0.25;144;0.9600000000000001;0.8660263194970435;0.9230769230769231;1.0;144.0;12;0;1.0;0.07692307692307693;0.0;0.9894630908966064;0.7288690805435181
Capitan;SEILS;test;SAE_D3_RVH_Capitan;VH;0.3;0.4;25;mean;0;0.25;289;0.17957746478873243;0.7387528184658027;0.1827956989247312;0.17647058823529413;51.0;228;238;0.17647058823529413;0.8172043010752689;0.8235294117647058;0.04501597583293915;0.02139350213110447
Capitan;FMT_C;test;SAE_D3_RVH_Capitan;VH;0.3;0.4;25;mean;0;0.25;311;0;0;0.0;0.0;0.0;5;311;0.0;1.0;1.0;0.0;0.0
Capitan;Capitan;val;SAE_D3_RVH_Capitan;VH;0.3;0.5;25;mean;0.0;0.15;121;0.9711934156378601;0.8416151062684877;0.9672131147540983;0.9752066115702479;118.0;4;3;0.9752066115702479;0.03278688524590164;0.024793388429752067;0.24812449514865875;0.13142438232898712
Capitan;Capitan;test;SAE_D3_RVH_Capitan;VH;0.3;0.5;25;mean;0;0.15;144;0.9201277955271566;0.8451356866568777;0.8520710059171598;1.0;144.0;25;0;1.0;0.14792899408284024;0.0;0.9365389943122864;0.6455475091934204
Capitan;SEILS;test;SAE_D3_RVH_Capitan;VH;0.3;0.5;25;mean;0;0.15;289;0.28013029315960913;0.7403769765250561;0.26461538461538464;0.2975778546712803;86.0;239;203;0.2975778546712803;0.7353846153846154;0.7024221453287197;0.11065541207790375;0.046420201659202576
Capitan;FMT_C;test;SAE_D3_RVH_Capitan;VH;0.3;0.5;25;mean;0;0.15;311;0;0;0.0;0.0;0.0;10;311;0.0;1.0;1.0;0.0;0.0
Capitan;Capitan;val;SAE_D3_RVH_Capitan;VH;0.3;0.1;75;mean;0.0;0.6;121;0.9875518672199171;0.873031209214595;0.9916666666666667;0.9834710743801653;119.0;1;2;0.9834710743801653;0.008333333333333333;0.01652892561983471;0.9344348311424255;0.6076031923294067
Capitan;Capitan;test;SAE_D3_RVH_Capitan;VH;0.3;0.1;75;mean;0;0.6;144;0.9829351535836178;0.8652002857445881;0.9664429530201343;1.0;144.0;5;0;1.0;0.03355704697986577;0.0;0.9894187450408936;0.727265477180481
Capitan;SEILS;test;SAE_D3_RVH_Capitan;VH;0.3;0.1;75;mean;0;0.6;289;0.3224043715846994;0.6802849694335925;0.26636568848758463;0.4083044982698962;118.0;325;171;0.4083044982698962;0.7336343115124153;0.5916955017301038;0.15519914031028748;0.045524515211582184
Capitan;FMT_C;test;SAE_D3_RVH_Capitan;VH;0.3;0.1;75;mean;0;0.6;311;0;0;0.0;0.0;0.0;1;311;0.0;1.0;1.0;0.0;0.0
Capitan;Capitan;val;SAE_D3_RVH_Capitan;VH;0.3;0.2;75;mean;0.0;0.35;121;0.9876543209876544;0.854028043666218;0.9836065573770492;0.9917355371900827;120.0;2;1;0.9917355371900827;0.01639344262295082;0.008264462809917356;0.9073933959007263;0.5792349576950073
Capitan;Capitan;test;SAE_D3_RVH_Capitan;VH;0.3;0.2;75;mean;0;0.35;144;0.9473684210526316;0.844824304466185;0.9;1.0;144.0;16;0;1.0;0.1;0.0;0.9789472818374634;0.6731114387512207
Capitan;SEILS;test;SAE_D3_RVH_Capitan;VH;0.3;0.2;75;mean;0;0.35;289;0.45382585751978893;0.7301287605342512;0.36673773987206826;0.5951557093425606;172.0;297;117;0.5951557093425606;0.6332622601279317;0.40484429065743943;0.2922288179397583;0.11894895136356354
Capitan;FMT_C;test;SAE_D3_RVH_Capitan;VH;0.3;0.2;75;mean;0;0.35;311;0;0;0.0;0.0;0.0;2;311;0.0;1.0;1.0;0.0;0.0
Capitan;Capitan;val;SAE_D3_RVH_Capitan;VH;0.3;0.3;75;mean;0.0;0.45;121;0.9917355371900827;0.8730108368372548;0.9917355371900827;0.9917355371900827;120.0;1;1;0.9917355371900827;0.008264462809917356;0.008264462809917356;0.7333009243011475;0.45604071021080017
Capitan;Capitan;test;SAE_D3_RVH_Capitan;VH;0.3;0.3;75;mean;0;0.45;144;0.9896907216494846;0.8693057847948601;0.9795918367346939;1.0;144.0;3;0;1.0;0.02040816326530612;0.0;0.9919827580451965;0.738312840461731
Capitan;SEILS;test;SAE_D3_RVH_Capitan;VH;0.3;0.3;75;mean;0;0.45;289;0.057441253263707574;0.6535308984418905;0.11702127659574468;0.03806228373702422;11.0;83;278;0.03806228373702422;0.8829787234042553;0.9619377162629758;0.009293128736317158;0.00335376407019794
Capitan;FMT_C;test;SAE_D3_RVH_Capitan;VH;0.3;0.3;75;mean;0;0.45;311;0;0;0.0;0.0;0.0;1;311;0.0;1.0;1.0;0.0;0.0
Capitan;Capitan;val;SAE_D3_RVH_Capitan;VH;0.3;0.4;75;mean;0.0;0.3;121;0.9876543209876544;0.8774208598481181;0.9836065573770492;0.9917355371900827;120.0;2;1;0.9917355371900827;0.01639344262295082;0.008264462809917356;0.4941859543323517;0.29581955075263977
Capitan;Capitan;test;SAE_D3_RVH_Capitan;VH;0.3;0.4;75;mean;0;0.3;144;0.9795918367346939;0.8695934781178618;0.96;1.0;144.0;6;0;1.0;0.04;0.0;0.9937834143638611;0.7410403490066528
Capitan;SEILS;test;SAE_D3_RVH_Capitan;VH;0.3;0.4;75;mean;0;0.3;289;0.08205128205128205;0.6679846538742091;0.15841584158415842;0.05536332179930796;16.0;85;273;0.05536332179930796;0.8415841584158416;0.9446366782006921;0.014850727282464504;0.006179632153362036
Capitan;FMT_C;test;SAE_D3_RVH_Capitan;VH;0.3;0.4;75;mean;0;0.3;311;0;0;0.0;0.0;0.0;1;311;0.0;1.0;1.0;0.0;0.0
Capitan;Capitan;val;SAE_D3_RVH_Capitan;VH;0.3;0.5;75;mean;0.0;0.25;121;0.9875518672199171;0.831229052825506;0.9916666666666667;0.9834710743801653;119.0;1;2;0.9834710743801653;0.008333333333333333;0.01652892561983471;0.2629730701446533;0.14755761623382568
Capitan;Capitan;test;SAE_D3_RVH_Capitan;VH;0.3;0.5;75;mean;0;0.25;144;0.9828178694158075;0.8412932622045758;0.9727891156462585;0.9930555555555556;143.0;4;1;0.9930555555555556;0.027210884353741496;0.006944444444444444;0.977088451385498;0.6536532640457153
Capitan;SEILS;test;SAE_D3_RVH_Capitan;VH;0.3;0.5;75;mean;0;0.25;289;0.030120481927710847;0.5755095816060724;0.11627906976744186;0.01730103806228374;5.0;38;284;0.01730103806228374;0.8837209302325582;0.9826989619377162;0.004835418425500393;0.0012185834348201752
Capitan;FMT_C;test;SAE_D3_RVH_Capitan;VH;0.3;0.5;75;mean;0;0.25;311;0;0;0.0;0.0;0.0;0;311;0.0;0.0;1.0;0.0;0.0
Capitan;Capitan;val;SAE_D3_RVH_Capitan;VH;0.3;0.1;250;mean;0.0;0.65;121;0.9834710743801653;0.8757310077004322;0.9834710743801653;0.9834710743801653;119.0;2;2;0.9834710743801653;0.01652892561983471;0.01652892561983471;0.9364625811576843;0.6110125780105591
Capitan;Capitan;test;SAE_D3_RVH_Capitan;VH;0.3;0.1;250;mean;0;0.65;144;0.9896907216494846;0.8675325997130341;0.9795918367346939;1.0;144.0;3;0;1.0;0.02040816326530612;0.0;0.9903237223625183;0.7355430722236633
Capitan;SEILS;test;SAE_D3_RVH_Capitan;VH;0.3;0.1;250;mean;0;0.65;289;0.22065063649222066;0.6716157748730155;0.18660287081339713;0.2698961937716263;78.0;340;211;0.2698961937716263;0.8133971291866029;0.7301038062283737;0.07486317306756973;0.02144640125334263
Capitan;FMT_C;test;SAE_D3_RVH_Capitan;VH;0.3;0.1;250;mean;0;0.65;311;0;0;0.0;0.0;0.0;0;311;0.0;0.0;1.0;0.0;0.0
Capitan;Capitan;val;SAE_D3_RVH_Capitan;VH;0.3;0.2;250;mean;0.0;0.65;121;0.9875518672199171;0.8675186280364845;0.9916666666666667;0.9834710743801653;119.0;1;2;0.9834710743801653;0.008333333333333333;0.01652892561983471;0.9011490345001221;0.5763081312179565
Capitan;Capitan;test;SAE_D3_RVH_Capitan;VH;0.3;0.2;250;mean;0;0.65;144;0.9862068965517242;0.8681369040471671;0.9794520547945206;0.9930555555555556;143.0;3;1;0.9930555555555556;0.02054794520547945;0.006944444444444444;0.9822628498077393;0.7274962067604065
Capitan;SEILS;test;SAE_D3_RVH_Capitan;VH;0.3;0.2;250;mean;0;0.65;289;0.05449591280653951;0.624596547805361;0.1282051282051282;0.03460207612456748;10.0;68;279;0.03460207612456748;0.8717948717948718;0.9653979238754326;0.010119304992258549;0.003319971263408661
Capitan;FMT_C;test;SAE_D3_RVH_Capitan;VH;0.3;0.2;250;mean;0;0.65;311;0;0;0.0;0.0;0.0;0;311;0.0;0.0;1.0;0.0;0.0
Capitan;Capitan;val;SAE_D3_RVH_Capitan;VH;0.3;0.3;250;mean;0.0;0.35;121;0.9876543209876544;0.874738973034832;0.9836065573770492;0.9917355371900827;120.0;2;1;0.9917355371900827;0.01639344262295082;0.008264462809917356;0.7281922698020935;0.44934338331222534
Capitan;Capitan;test;SAE_D3_RVH_Capitan;VH;0.3;0.3;250;mean;0;0.35;144;0.976271186440678;0.8655553729646333;0.9536423841059603;1.0;144.0;7;0;1.0;0.046357615894039736;0.0;0.9871565103530884;0.730293869972229
Capitan;SEILS;test;SAE_D3_RVH_Capitan;VH;0.3;0.3;250;mean;0;0.35;289;0.10316139767054908;0.6633666878467503;0.09935897435897435;0.10726643598615918;31.0;281;258;0.10726643598615918;0.9006410256410257;0.8927335640138409;0.0199785977602005;0.006675916723906994
Capitan;FMT_C;test;SAE_D3_RVH_Capitan;VH;0.3;0.3;250;mean;0;0.35;311;0;0;0.0;0.0;0.0;1;311;0.0;1.0;1.0;0.0;0.0
Capitan;Capitan;val;SAE_D3_RVH_Capitan;VH;0.3;0.4;250;mean;0.0;0.4;121;0.9875518672199171;0.8464246092220579;0.9916666666666667;0.9834710743801653;119.0;1;2;0.9834710743801653;0.008333333333333333;0.01652892561983471;0.48692163825035095;0.2887952923774719
Capitan;Capitan;test;SAE_D3_RVH_Capitan;VH;0.3;0.4;250;mean;0;0.4;144;0.9896193771626298;0.8501065138517416;0.9862068965517241;0.9930555555555556;143.0;2;1;0.9930555555555556;0.013793103448275862;0.006944444444444444;0.9904429316520691;0.6910746693611145
Capitan;SEILS;test;SAE_D3_RVH_Capitan;VH;0.3;0.4;250;mean;0;0.4;289;0;0;0.0;0.0;0.0;13;289;0.0;1.0;1.0;0.0;0.0
Capitan;FMT_C;test;SAE_D3_RVH_Capitan;VH;0.3;0.4;250;mean;0;0.4;311;0;0;0.0;0.0;0.0;0;311;0.0;0.0;1.0;0.0;0.0
Capitan;Capitan;val;SAE_D3_RVH_Capitan;VH;0.3;0.5;250;mean;0.0;0.25;121;0.9875518672199171;0.8308468716338463;0.9916666666666667;0.9834710743801653;119.0;1;2;0.9834710743801653;0.008333333333333333;0.01652892561983471;0.24740132689476013;0.14159008860588074
Capitan;Capitan;test;SAE_D3_RVH_Capitan;VH;0.3;0.5;250;mean;0;0.25;144;0.9862068965517242;0.8304761696668256;0.9794520547945206;0.9930555555555556;143.0;3;1;0.9930555555555556;0.02054794520547945;0.006944444444444444;0.9910680651664734;0.6466256380081177
Capitan;SEILS;test;SAE_D3_RVH_Capitan;VH;0.3;0.5;250;mean;0;0.25;289;0.0126984126984127;0.5921498883753622;0.07692307692307693;0.006920415224913495;2.0;24;287;0.006920415224913495;0.9230769230769231;0.9930795847750865;0.0013840830652043223;0.0004950495203956962
Capitan;FMT_C;test;SAE_D3_RVH_Capitan;VH;0.3;0.5;250;mean;0;0.25;311;0;0;0.0;0.0;0.0;1;311;0.0;1.0;1.0;0.0;0.0
Capitan;Capitan;val;SAE_D3_RVH_Capitan;VH;0.3;0.1;500;mean;0.0;0.65;121;0.9834710743801653;0.8754187293923467;0.9834710743801653;0.9834710743801653;119.0;2;2;0.9834710743801653;0.01652892561983471;0.01652892561983471;0.9358219504356384;0.6101986765861511
Capitan;Capitan;test;SAE_D3_RVH_Capitan;VH;0.3;0.1;500;mean;0;0.65;144;0.9863013698630138;0.8673208361943359;0.972972972972973;1.0;144.0;4;0;1.0;0.02702702702702703;0.0;0.9901677370071411;0.7333411574363708
Capitan;SEILS;test;SAE_D3_RVH_Capitan;VH;0.3;0.1;500;mean;0;0.65;289;0.2169680111265647;0.6786958527594822;0.1813953488372093;0.2698961937716263;78.0;352;211;0.2698961937716263;0.8186046511627907;0.7301038062283737;0.06767158210277557;0.02137155272066593
Capitan;FMT_C;test;SAE_D3_RVH_Capitan;VH;0.3;0.1;500;mean;0;0.65;311;0;0;0.0;0.0;0.0;0;311;0.0;0.0;1.0;0.0;0.0
Capitan;Capitan;val;SAE_D3_RVH_Capitan;VH;0.3;0.2;500;mean;0.0;0.4;121;0.9876543209876544;0.8622746652622465;0.9836065573770492;0.9917355371900827;120.0;2;1;0.9917355371900827;0.01639344262295082;0.008264462809917356;0.9033088684082031;0.5766248106956482
Capitan;Capitan;test;SAE_D3_RVH_Capitan;VH;0.3;0.2;500;mean;0;0.4;144;0.9664429530201343;0.8555734149256361;0.935064935064935;1.0;144.0;10;0;1.0;0.06493506493506493;0.0;0.9909302592277527;0.7074688076972961
Capitan;SEILS;test;SAE_D3_RVH_Capitan;VH;0.3;0.2;500;mean;0;0.4;289;0.31887755102040816;0.6819355980238369;0.25252525252525254;0.43252595155709345;125.0;370;164;0.43252595155709345;0.7474747474747475;0.5674740484429066;0.15485984086990356;0.04744293540716171
Capitan;FMT_C;test;SAE_D3_RVH_Capitan;VH;0.3;0.2;500;mean;0;0.4;311;0;0;0.0;0.0;0.0;1;311;0.0;1.0;1.0;0.0;0.0
Capitan;Capitan;val;SAE_D3_RVH_Capitan;VH;0.3;0.3;500;mean;0.0;0.55;121;0.9875518672199171;0.8586335025203604;0.9916666666666667;0.9834710743801653;119.0;1;2;0.9834710743801653;0.008333333333333333;0.01652892561983471;0.723170280456543;0.44753146171569824
Capitan;Capitan;test;SAE_D3_RVH_Capitan;VH;0.3;0.3;500;mean;0;0.55;144;0.9896193771626298;0.8594887248598937;0.9862068965517241;0.9930555555555556;143.0;2;1;0.9930555555555556;0.013793103448275862;0.006944444444444444;0.9903557896614075;0.7062258124351501
Capitan;SEILS;test;SAE_D3_RVH_Capitan;VH;0.3;0.3;500;mean;0;0.55;289;0.006389776357827477;0.581081081081081;0.041666666666666664;0.0034602076124567475;1.0;23;288;0.0034602076124567475;0.9583333333333334;0.9965397923875432;0.00043252596515230834;0.0002475247601978481
Capitan;FMT_C;test;SAE_D3_RVH_Capitan;VH;0.3;0.3;500;mean;0;0.55;311;0;0;0.0;0.0;0.0;0;311;0.0;0.0;1.0;0.0;0.0
Capitan;Capitan;val;SAE_D3_RVH_Capitan;VH;0.3;0.4;500;mean;0.0;0.3;121;0.9876543209876544;0.8755483637516644;0.9836065573770492;0.9917355371900827;120.0;2;1;0.9917355371900827;0.01639344262295082;0.008264462809917356;0.4821394979953766;0.28251853585243225
Capitan;Capitan;test;SAE_D3_RVH_Capitan;VH;0.3;0.4;500;mean;0;0.3;144;0.9863013698630138;0.8727478461543278;0.972972972972973;1.0;144.0;4;0;1.0;0.02702702702702703;0.0;0.9936277270317078;0.7551353573799133
Capitan;SEILS;test;SAE_D3_RVH_Capitan;VH;0.3;0.4;500;mean;0;0.3;289;0.050139275766016705;0.6209114430222525;0.12857142857142856;0.031141868512110725;9.0;61;280;0.031141868512110725;0.8714285714285714;0.9688581314878892;0.008478020317852497;0.0027484451420605183
Capitan;FMT_C;test;SAE_D3_RVH_Capitan;VH;0.3;0.4;500;mean;0;0.3;311;0;0;0.0;0.0;0.0;1;311;0.0;1.0;1.0;0.0;0.0
Capitan;Capitan;val;SAE_D3_RVH_Capitan;VH;0.3;0.5;500;mean;0.0;0.2;121;0.995850622406639;0.8728858697842095;1.0;0.9917355371900827;120.0;0;1;0.9917355371900827;0.0;0.008264462809917356;0.2490984946489334;0.14179769158363342
Capitan;Capitan;test;SAE_D3_RVH_Capitan;VH;0.3;0.5;500;mean;0;0.2;144;0.9829351535836178;0.8684791437275491;0.9664429530201343;1.0;144.0;5;0;1.0;0.03355704697986577;0.0;0.9865041375160217;0.7268332242965698
Capitan;SEILS;test;SAE_D3_RVH_Capitan;VH;0.3;0.5;500;mean;0;0.2;289;0.049586776859504134;0.6362315085289231;0.12162162162162163;0.031141868512110725;9.0;65;280;0.031141868512110725;0.8783783783783784;0.9688581314878892;0.008711759932339191;0.0023151880595833063
Capitan;FMT_C;test;SAE_D3_RVH_Capitan;VH;0.3;0.5;500;mean;0;0.2;311;0;0;0.0;0.0;0.0;1;311;0.0;1.0;1.0;0.0;0.0
Capitan;Capitan;val;SAE_D3_RVH_Capitan;VH;0.3;0.1;1;max;0.0;0.55;121;0.9516129032258065;0.8518562191318376;0.9291338582677166;0.9752066115702479;118.0;9;3;0.9752066115702479;0.07086614173228346;0.024793388429752067;0.8808680176734924;0.5499820709228516
Capitan;Capitan;test;SAE_D3_RVH_Capitan;VH;0.3;0.1;1;max;0;0.55;144;0.963210702341137;0.850069329924434;0.9290322580645162;1.0;144.0;11;0;1.0;0.07096774193548387;0.0;0.9916766881942749;0.6904849410057068
Capitan;SEILS;test;SAE_D3_RVH_Capitan;VH;0.3;0.1;1;max;0;0.55;289;0.3407407407407407;0.7393628313192492;0.2979274611398964;0.39792387543252594;115.0;271;174;0.39792387543252594;0.7020725388601037;0.6020761245674741;0.16441883146762848;0.06551531702280045
Capitan;FMT_C;test;SAE_D3_RVH_Capitan;VH;0.3;0.1;1;max;0;0.55;311;0;0;0.0;0.0;0.0;3;311;0.0;1.0;1.0;0.0;0.0
Capitan;Capitan;val;SAE_D3_RVH_Capitan;VH;0.3;0.2;1;max;0.0;0.2;121;0.921875;0.8207148274857621;0.8740740740740741;0.9752066115702479;118.0;17;3;0.9752066115702479;0.1259259259259259;0.024793388429752067;0.8535953164100647;0.5493669509887695
Capitan;Capitan;test;SAE_D3_RVH_Capitan;VH;0.3;0.2;1;max;0;0.2;144;0.9142857142857143;0.8173067212069048;0.8421052631578947;1.0;144.0;27;0;1.0;0.15789473684210525;0.0;0.9884705543518066;0.6120771169662476
Capitan;SEILS;test;SAE_D3_RVH_Capitan;VH;0.3;0.2;1;max;0;0.2;289;0.18524332810047095;0.7249727637370494;0.16954022988505746;0.2041522491349481;59.0;289;230;0.2041522491349481;0.8304597701149425;0.7958477508650519;0.06995096057653427;0.0286848284304142
Capitan;FMT_C;test;SAE_D3_RVH_Capitan;VH;0.3;0.2;1;max;0;0.2;311;0;0;0.0;0.0;0.0;34;311;0.0;1.0;1.0;0.0;0.0
Capitan;Capitan;val;SAE_D3_RVH_Capitan;VH;0.3;0.3;1;max;0.0;0.15;121;0.924901185770751;0.8201089917169077;0.8863636363636364;0.9669421487603306;117.0;15;4;0.9669421487603306;0.11363636363636363;0.03305785123966942;0.7380867600440979;0.4487246572971344
Capitan;Capitan;test;SAE_D3_RVH_Capitan;VH;0.3;0.3;1;max;0;0.15;144;0.9171974522292993;0.8265369329829522;0.8470588235294118;1.0;144.0;26;0;1.0;0.15294117647058825;0.0;0.9788255095481873;0.6265631318092346
Capitan;SEILS;test;SAE_D3_RVH_Capitan;VH;0.3;0.3;1;max;0;0.15;289;0.12099644128113879;0.6839598580649576;0.12454212454212454;0.11764705882352941;34.0;239;255;0.11764705882352941;0.8754578754578755;0.8823529411764706;0.029007460922002792;0.01001646276563406
Capitan;FMT_C;test;SAE_D3_RVH_Capitan;VH;0.3;0.3;1;max;0;0.15;311;0;0;0.0;0.0;0.0;32;311;0.0;1.0;1.0;0.0;0.0
Capitan;Capitan;val;SAE_D3_RVH_Capitan;VH;0.3;0.4;1;max;0.0;0.1;121;0.8270042194092827;0.7683706584280363;0.8448275862068966;0.8099173553719008;98.0;18;23;0.8099173553719008;0.15517241379310345;0.19008264462809918;0.5919477343559265;0.3118673861026764
Capitan;Capitan;test;SAE_D3_RVH_Capitan;VH;0.3;0.4;1;max;0;0.1;144;0.691860465116279;0.7993370192790169;0.595;0.8263888888888888;119.0;81;25;0.8263888888888888;0.405;0.1736111111111111;0.713236927986145;0.3873623013496399
Capitan;SEILS;test;SAE_D3_RVH_Capitan;VH;0.3;0.4;1;max;0;0.1;289;0.03440860215053764;0.6819142085048169;0.045454545454545456;0.02768166089965398;8.0;168;281;0.02768166089965398;0.9545454545454546;0.972318339100346;0.003498074598610401;0.0015642105136066675
Capitan;FMT_C;test;SAE_D3_RVH_Capitan;VH;0.3;0.4;1;max;0;0.1;311;0.004914004914004914;0.6490132065078661;0.010416666666666666;0.003215434083601286;1.0;95;310;0.003215434083601286;0.9895833333333334;0.9967845659163987;0.0003132987185381353;0.00026402639923617244
Capitan;Capitan;val;SAE_D3_RVH_Capitan;VH;0.3;0.5;1;max;0.0;0.25;121;0.5252525252525252;0.7059040096979616;0.6753246753246753;0.4297520661157025;52.0;25;69;0.4297520661157025;0.3246753246753247;0.5702479338842975;0.17704883217811584;0.06881292164325714
Capitan;Capitan;test;SAE_D3_RVH_Capitan;VH;0.3;0.5;1;max;0;0.25;144;0.45999999999999996;0.7289691953569428;0.4423076923076923;0.4791666666666667;69.0;87;75;0.4791666666666667;0.5576923076923077;0.5208333333333334;0.35443150997161865;0.14630386233329773
Capitan;SEILS;test;SAE_D3_RVH_Capitan;VH;0.3;0.5;1;max;0;0.25;289;0.07125890736342042;0.6921165452938017;0.11363636363636363;0.05190311418685121;15.0;117;274;0.05190311418685121;0.8863636363636364;0.9480968858131488;0.01117723062634468;0.0039307186380028725
Capitan;FMT_C;test;SAE_D3_RVH_Capitan;VH;0.3;0.5;1;max;0;0.25;311;0;0;0.0;0.0;0.0;58;311;0.0;1.0;1.0;0.0;0.0
Capitan;Capitan;val;SAE_D3_RVH_Capitan;VH;0.3;0.1;2;max;0.0;0.6;121;0.9836065573770492;0.8586994758068712;0.975609756097561;0.9917355371900827;120.0;3;1;0.9917355371900827;0.024390243902439025;0.008264462809917356;0.9399005174636841;0.5969991683959961
Capitan;Capitan;test;SAE_D3_RVH_Capitan;VH;0.3;0.1;2;max;0;0.6;144;0.9411764705882353;0.8539985312643954;0.8888888888888888;1.0;144.0;18;0;1.0;0.1111111111111111;0.0;0.9764832854270935;0.6899454593658447
Capitan;SEILS;test;SAE_D3_RVH_Capitan;VH;0.3;0.1;2;max;0;0.6;289;0.3469387755102041;0.7355408404463064;0.29974811083123426;0.4117647058823529;119.0;278;170;0.4117647058823529;0.7002518891687658;0.5882352941176471;0.17876876890659332;0.07270468771457672
Capitan;FMT_C;test;SAE_D3_RVH_Capitan;VH;0.3;0.1;2;max;0;0.6;311;0;0;0.0;0.0;0.0;2;311;0.0;1.0;1.0;0.0;0.0
Capitan;Capitan;val;SAE_D3_RVH_Capitan;VH;0.3;0.2;2;max;0.0;0.75;121;0.9672131147540983;0.8531159096275707;0.959349593495935;0.9752066115702479;118.0;5;3;0.9752066115702479;0.04065040650406504;0.024793388429752067;0.9234413504600525;0.5761992931365967
Capitan;Capitan;test;SAE_D3_RVH_Capitan;VH;0.3;0.2;2;max;0;0.75;144;0.9627118644067797;0.8623415496695048;0.9403973509933775;0.9861111111111112;142.0;9;2;0.9861111111111112;0.059602649006622516;0.013888888888888888;0.9638230800628662;0.6972373723983765
Capitan;SEILS;test;SAE_D3_RVH_Capitan;VH;0.3;0.2;2;max;0;0.75;289;0.25951557093425603;0.7136346946479626;0.25951557093425603;0.25951557093425603;75.0;214;214;0.25951557093425603;0.740484429065744;0.740484429065744;0.09096474945545197;0.03385526314377785
Capitan;FMT_C;test;SAE_D3_RVH_Capitan;VH;0.3;0.2;2;max;0;0.75;311;0;0;0.0;0.0;0.0;0;311;0.0;0.0;1.0;0.0;0.0
Capitan;Capitan;val;SAE_D3_RVH_Capitan;VH;0.3;0.3;2;max;0.0;0.3;121;0.979591836734694;0.8099486681977768;0.967741935483871;0.9917355371900827;120.0;4;1;0.9917355371900827;0.03225806451612903;0.008264462809917356;0.8932000398635864;0.5218179821968079
Capitan;Capitan;test;SAE_D3_RVH_Capitan;VH;0.3;0.3;2;max;0;0.3;144;0.8785046728971962;0.8000806296200751;0.7966101694915254;0.9791666666666666;141.0;36;3;0.9791666666666666;0.2033898305084746;0.020833333333333332;0.9316515326499939;0.5230653882026672
Capitan;SEILS;test;SAE_D3_RVH_Capitan;VH;0.3;0.3;2;max;0;0.3;289;0.14586709886547813;0.7080287749392731;0.13719512195121952;0.15570934256055363;45.0;283;244;0.15570934256055363;0.8628048780487805;0.8442906574394463;0.035857927054166794;0.01178581453859806
Capitan;FMT_C;test;SAE_D3_RVH_Capitan;VH;0.3;0.3;2;max;0;0.3;311;0;0;0.0;0.0;0.0;62;311;0.0;1.0;1.0;0.0;0.0
Capitan;Capitan;val;SAE_D3_RVH_Capitan;VH;0.3;0.4;2;max;0.0;0.3;121;0.924901185770751;0.7695814030350914;0.8863636363636364;0.9669421487603306;117.0;15;4;0.9669421487603306;0.11363636363636363;0.03305785123966942;0.719144880771637;0.34150272607803345
Capitan;Capitan;test;SAE_D3_RVH_Capitan;VH;0.3;0.4;2;max;0;0.3;144;0.7262569832402234;0.7708197894809674;0.6074766355140186;0.9027777777777778;130.0;84;14;0.9027777777777778;0.3925233644859813;0.09722222222222222;0.7602084279060364;0.36721473932266235
Capitan;SEILS;test;SAE_D3_RVH_Capitan;VH;0.3;0.4;2;max;0;0.3;289;0.1161524500907441;0.7019151120533709;0.12213740458015267;0.11072664359861592;32.0;230;257;0.11072664359861592;0.8778625954198473;0.889273356401384;0.023834556341171265;0.009058862924575806
Capitan;FMT_C;test;SAE_D3_RVH_Capitan;VH;0.3;0.4;2;max;0;0.3;311;0;0;0.0;0.0;0.0;72;311;0.0;1.0;1.0;0.0;0.0
Capitan;Capitan;val;SAE_D3_RVH_Capitan;VH;0.3;0.5;2;max;0.0;0.25;121;0.6720647773279352;0.768856858503982;0.6587301587301587;0.6859504132231405;83.0;43;38;0.6859504132231405;0.3412698412698413;0.3140495867768595;0.40182754397392273;0.1693430244922638
Capitan;Capitan;test;SAE_D3_RVH_Capitan;VH;0.3;0.5;2;max;0;0.25;144;0.5738636363636364;0.7277327844885942;0.4855769230769231;0.7013888888888888;101.0;107;43;0.7013888888888888;0.5144230769230769;0.2986111111111111;0.5624029040336609;0.2257411926984787
Capitan;SEILS;test;SAE_D3_RVH_Capitan;VH;0.3;0.5;2;max;0;0.25;289;0.06766917293233081;0.7350952441848139;0.07407407407407407;0.06228373702422145;18.0;225;271;0.06228373702422145;0.9259259259259259;0.9377162629757786;0.007496441248804331;0.003572792513296008
Capitan;FMT_C;test;SAE_D3_RVH_Capitan;VH;0.3;0.5;2;max;0;0.25;311;0.004301075268817204;0.7226172976838425;0.006493506493506494;0.003215434083601286;1.0;153;310;0.003215434083601286;0.9935064935064936;0.9967845659163987;4.593477206071839e-05;7.072135485941544e-05
Capitan;Capitan;val;SAE_D3_RVH_Capitan;VH;0.3;0.1;5;max;0.0;0.85;121;0.9876543209876544;0.8653860867481804;0.9836065573770492;0.9917355371900827;120.0;2;1;0.9917355371900827;0.01639344262295082;0.008264462809917356;0.9288214445114136;0.553492546081543
Capitan;Capitan;test;SAE_D3_RVH_Capitan;VH;0.3;0.1;5;max;0;0.85;144;0.9863013698630138;0.8505414916422668;0.972972972972973;1.0;144.0;4;0;1.0;0.02702702702702703;0.0;0.9823092818260193;0.6882625818252563
Capitan;SEILS;test;SAE_D3_RVH_Capitan;VH;0.3;0.1;5;max;0;0.85;289;0.35811836115326257;0.7434251984664216;0.31891891891891894;0.4083044982698962;118.0;252;171;0.4083044982698962;0.6810810810810811;0.5916955017301038;0.17283403873443604;0.07236526906490326
Capitan;FMT_C;test;SAE_D3_RVH_Capitan;VH;0.3;0.1;5;max;0;0.85;311;0;0;0.0;0.0;0.0;1;311;0.0;1.0;1.0;0.0;0.0
Capitan;Capitan;val;SAE_D3_RVH_Capitan;VH;0.3;0.2;5;max;0.0;0.8;121;0.9836065573770492;0.8597948432665091;0.975609756097561;0.9917355371900827;120.0;3;1;0.9917355371900827;0.024390243902439025;0.008264462809917356;0.9310066103935242;0.5584182143211365
Capitan;Capitan;test;SAE_D3_RVH_Capitan;VH;0.3;0.2;5;max;0;0.8;144;0.9568106312292359;0.8434099030688297;0.9171974522292994;1.0;144.0;13;0;1.0;0.08280254777070063;0.0;0.9667404890060425;0.664610743522644
Capitan;SEILS;test;SAE_D3_RVH_Capitan;VH;0.3;0.2;5;max;0;0.8;289;0.2389937106918239;0.7228137234020263;0.21902017291066284;0.2629757785467128;76.0;271;213;0.2629757785467128;0.7809798270893372;0.7370242214532872;0.07854577153921127;0.03086863085627556
Capitan;FMT_C;test;SAE_D3_RVH_Capitan;VH;0.3;0.2;5;max;0;0.8;311;0;0;0.0;0.0;0.0;4;311;0.0;1.0;1.0;0.0;0.0
Capitan;Capitan;val;SAE_D3_RVH_Capitan;VH;0.3;0.3;5;max;0.0;0.85;121;0.979591836734694;0.8506315058229473;0.967741935483871;0.9917355371900827;120.0;4;1;0.9917355371900827;0.03225806451612903;0.008264462809917356;0.9131609201431274;0.532843828201294
Capitan;Capitan;test;SAE_D3_RVH_Capitan;VH;0.3;0.3;5;max;0;0.85;144;0.9696969696969697;0.8402749731834919;0.9411764705882353;1.0;144.0;9;0;1.0;0.058823529411764705;0.0;0.9628804326057434;0.6440024971961975
Capitan;SEILS;test;SAE_D3_RVH_Capitan;VH;0.3;0.3;5;max;0;0.85;289;0.2468354430379747;0.6907585381765683;0.22740524781341107;0.2698961937716263;78.0;265;211;0.2698961937716263;0.7725947521865889;0.7301038062283737;0.08939853310585022;0.029952282086014748
Capitan;FMT_C;test;SAE_D3_RVH_Capitan;VH;0.3;0.3;5;max;0;0.85;311;0;0;0.0;0.0;0.0;7;311;0.0;1.0;1.0;0.0;0.0
Capitan;Capitan;val;SAE_D3_RVH_Capitan;VH;0.3;0.4;5;max;0.0;0.7;121;0.96;0.8179386486178643;0.9302325581395349;0.9917355371900827;120.0;9;1;0.9917355371900827;0.06976744186046512;0.008264462809917356;0.8562608361244202;0.4625305235385895
Capitan;Capitan;test;SAE_D3_RVH_Capitan;VH;0.3;0.4;5;max;0;0.7;144;0.8703703703703703;0.8125660620304123;0.7833333333333333;0.9791666666666666;141.0;39;3;0.9791666666666666;0.21666666666666667;0.020833333333333332;0.8468236327171326;0.5006935596466064
Capitan;SEILS;test;SAE_D3_RVH_Capitan;VH;0.3;0.4;5;max;0;0.7;289;0.058219178082191785;0.6834713845702666;0.0576271186440678;0.058823529411764705;17.0;278;272;0.058823529411764705;0.9423728813559322;0.9411764705882353;0.006634395569562912;0.002363923005759716
Capitan;FMT_C;test;SAE_D3_RVH_Capitan;VH;0.3;0.4;5;max;0;0.7;311;0;0;0.0;0.0;0.0;24;311;0.0;1.0;1.0;0.0;0.0
Capitan;Capitan;val;SAE_D3_RVH_Capitan;VH;0.3;0.5;5;max;0.0;0.45;121;0.8527131782945736;0.7671289721130703;0.8029197080291971;0.9090909090909091;110.0;27;11;0.9090909090909091;0.19708029197080293;0.09090909090909091;0.6872367858886719;0.32237401604652405
Capitan;Capitan;test;SAE_D3_RVH_Capitan;VH;0.3;0.5;5;max;0;0.45;144;0.7732558139534884;0.7673421600144315;0.665;0.9236111111111112;133.0;67;11;0.9236111111111112;0.335;0.0763888888888889;0.7640696167945862;0.3775859773159027
Capitan;SEILS;test;SAE_D3_RVH_Capitan;VH;0.3;0.5;5;max;0;0.45;289;0.1743119266055046;0.7061832446298806;0.15616438356164383;0.1972318339100346;57.0;308;232;0.1972318339100346;0.8438356164383561;0.8027681660899654;0.04795913025736809;0.016773538663983345
Capitan;FMT_C;test;SAE_D3_RVH_Capitan;VH;0.3;0.5;5;max;0;0.45;311;0.004566210045662101;0.6619009796134498;0.007874015748031496;0.003215434083601286;1.0;126;310;0.003215434083601286;0.9921259842519685;0.9967845659163987;4.6600493078585714e-05;5.7397042837692425e-05
Capitan;Capitan;val;SAE_D3_RVH_Capitan;VH;0.3;0.1;25;max;0.0;0.85;121;0.979591836734694;0.860385500893661;0.967741935483871;0.9917355371900827;120.0;4;1;0.9917355371900827;0.03225806451612903;0.008264462809917356;0.8818598389625549;0.4788222312927246
Capitan;Capitan;test;SAE_D3_RVH_Capitan;VH;0.3;0.1;25;max;0;0.85;144;0.972972972972973;0.8502901990698009;0.9473684210526315;1.0;144.0;8;0;1.0;0.05263157894736842;0.0;0.9804156422615051;0.6935313940048218
Capitan;SEILS;test;SAE_D3_RVH_Capitan;VH;0.3;0.1;25;max;0;0.85;289;0.18815331010452963;0.7634330542729059;0.18947368421052632;0.18685121107266436;54.0;231;235;0.18685121107266436;0.8105263157894737;0.8131487889273357;0.06271502375602722;0.029844392091035843
Capitan;FMT_C;test;SAE_D3_RVH_Capitan;VH;0.3;0.1;25;max;0;0.85;311;0;0;0.0;0.0;0.0;1;311;0.0;1.0;1.0;0.0;0.0
Capitan;Capitan;val;SAE_D3_RVH_Capitan;VH;0.3;0.2;25;max;0.0;0.9;121;0.9448818897637795;0.8413832596811311;0.9022556390977443;0.9917355371900827;120.0;13;1;0.9917355371900827;0.09774436090225563;0.008264462809917356;0.825710654258728;0.3978031277656555
Capitan;Capitan;test;SAE_D3_RVH_Capitan;VH;0.3;0.2;25;max;0;0.9;144;0.9473684210526316;0.8287277355505245;0.9;1.0;144.0;16;0;1.0;0.1;0.0;0.9467220306396484;0.6166439056396484
Capitan;SEILS;test;SAE_D3_RVH_Capitan;VH;0.3;0.2;25;max;0;0.9;289;0.14711033274956217;0.7397800049023863;0.14893617021276595;0.1453287197231834;42.0;240;247;0.1453287197231834;0.851063829787234;0.8546712802768166;0.036428432911634445;0.015118877403438091
Capitan;FMT_C;test;SAE_D3_RVH_Capitan;VH;0.3;0.2;25;max;0;0.9;311;0;0;0.0;0.0;0.0;2;311;0.0;1.0;1.0;0.0;0.0
Capitan;Capitan;val;SAE_D3_RVH_Capitan;VH;0.3;0.3;25;max;0.0;0.9;121;0.9279999999999999;0.8263895032479321;0.8992248062015504;0.9586776859504132;116.0;13;5;0.9586776859504132;0.10077519379844961;0.04132231404958678;0.6807022094726562;0.3012453317642212
Capitan;Capitan;test;SAE_D3_RVH_Capitan;VH;0.3;0.3;25;max;0;0.9;144;0.9085173501577287;0.8179395848871924;0.8323699421965318;1.0;144.0;29;0;1.0;0.1676300578034682;0.0;0.8968117237091064;0.5604103207588196
Capitan;SEILS;test;SAE_D3_RVH_Capitan;VH;0.3;0.3;25;max;0;0.9;289;0.09929078014184398;0.7445545631628534;0.10181818181818182;0.09688581314878893;28.0;247;261;0.09688581314878893;0.8981818181818182;0.903114186851211;0.015247025527060032;0.007072498556226492
Capitan;FMT_C;test;SAE_D3_RVH_Capitan;VH;0.3;0.3;25;max;0;0.9;311;0;0;0.0;0.0;0.0;5;311;0.0;1.0;1.0;0.0;0.0
Capitan;Capitan;val;SAE_D3_RVH_Capitan;VH;0.3;0.4;25;max;0.0;0.9;121;0.903225806451613;0.8118429354307751;0.8818897637795275;0.9256198347107438;112.0;15;9;0.9256198347107438;0.11811023622047244;0.0743801652892562;0.6600238084793091;0.2502407431602478
Capitan;Capitan;test;SAE_D3_RVH_Capitan;VH;0.3;0.4;25;max;0;0.9;144;0.8819875776397516;0.7929647071030514;0.797752808988764;0.9861111111111112;142.0;36;2;0.9861111111111112;0.20224719101123595;0.013888888888888888;0.8952069878578186;0.5070409178733826
Capitan;SEILS;test;SAE_D3_RVH_Capitan;VH;0.3;0.4;25;max;0;0.9;289;0.14113597246127366;0.7020756410931346;0.1404109589041096;0.14186851211072665;41.0;251;248;0.14186851211072665;0.8595890410958904;0.8581314878892734;0.026571722701191902;0.009500214830040932
Capitan;FMT_C;test;SAE_D3_RVH_Capitan;VH;0.3;0.4;25;max;0;0.9;311;0;0;0.0;0.0;0.0;70;311;0.0;1.0;1.0;0.0;0.0
Capitan;Capitan;val;SAE_D3_RVH_Capitan;VH;0.3;0.5;25;max;0.0;0.85;121;0.7666666666666667;0.7495042139306196;0.773109243697479;0.7603305785123967;92.0;27;29;0.7603305785123967;0.226890756302521;0.2396694214876033;0.33275431394577026;0.11429785192012787
Capitan;Capitan;test;SAE_D3_RVH_Capitan;VH;0.3;0.5;25;max;0;0.85;144;0.7129909365558912;0.7056090357716419;0.6310160427807486;0.8194444444444444;118.0;69;26;0.8194444444444444;0.3689839572192513;0.18055555555555555;0.6214587688446045;0.23375098407268524
Capitan;SEILS;test;SAE_D3_RVH_Capitan;VH;0.3;0.5;25;max;0;0.85;289;0.06608695652173914;0.717007419633427;0.06643356643356643;0.0657439446366782;19.0;267;270;0.0657439446366782;0.9335664335664335;0.9342560553633218;0.005780878476798534;0.0023246542550623417
Capitan;FMT_C;test;SAE_D3_RVH_Capitan;VH;0.3;0.5;25;max;0;0.85;311;0.005037783375314861;0.7826382978723404;0.011627906976744186;0.003215434083601286;1.0;85;310;0.003215434083601286;0.9883720930232558;0.9967845659163987;0.00012367054296191782;0.00022848439402878284
Capitan;Capitan;val;SAE_D3_RVH_Capitan;VH;0.3;0.1;75;max;0.0;0.85;121;0.979591836734694;0.8469795098589116;0.967741935483871;0.9917355371900827;120.0;4;1;0.9917355371900827;0.03225806451612903;0.008264462809917356;0.8319674730300903;0.4246998429298401
Capitan;Capitan;test;SAE_D3_RVH_Capitan;VH;0.3;0.1;75;max;0;0.85;144;0.9473684210526316;0.8400045748472001;0.9;1.0;144.0;16;0;1.0;0.1;0.0;0.959781289100647;0.652167558670044
Capitan;SEILS;test;SAE_D3_RVH_Capitan;VH;0.3;0.1;75;max;0;0.85;289;0.10200364298724957;0.718788031908512;0.1076923076923077;0.09688581314878893;28.0;232;261;0.09688581314878893;0.8923076923076924;0.903114186851211;0.02661040984094143;0.010284733958542347
Capitan;FMT_C;test;SAE_D3_RVH_Capitan;VH;0.3;0.1;75;max;0;0.85;311;0;0;0.0;0.0;0.0;1;311;0.0;1.0;1.0;0.0;0.0
Capitan;Capitan;val;SAE_D3_RVH_Capitan;VH;0.3;0.2;75;max;0.0;0.9;121;0.9486166007905139;0.8319998855264948;0.9090909090909091;0.9917355371900827;120.0;12;1;0.9917355371900827;0.09090909090909091;0.008264462809917356;0.7258291244506836;0.33042392134666443
Capitan;Capitan;test;SAE_D3_RVH_Capitan;VH;0.3;0.2;75;max;0;0.9;144;0.9113924050632911;0.8139077092527729;0.8372093023255814;1.0;144.0;28;0;1.0;0.16279069767441862;0.0;0.8998152613639832;0.5538718700408936
Capitan;SEILS;test;SAE_D3_RVH_Capitan;VH;0.3;0.2;75;max;0;0.9;289;0.019120458891013385;0.7633329625444154;0.021367521367521368;0.01730103806228374;5.0;229;284;0.01730103806228374;0.9786324786324786;0.9826989619377162;0.0012357884552329779;0.0008024463313631713
Capitan;FMT_C;test;SAE_D3_RVH_Capitan;VH;0.3;0.2;75;max;0;0.9;311;0;0;0.0;0.0;0.0;5;311;0.0;1.0;1.0;0.0;0.0
Capitan;Capitan;val;SAE_D3_RVH_Capitan;VH;0.3;0.3;75;max;0.0;0.9;121;0.9062500000000001;0.7819670581737239;0.8592592592592593;0.9586776859504132;116.0;19;5;0.9586776859504132;0.14074074074074075;0.04132231404958678;0.4681650996208191;0.18647658824920654
Capitan;Capitan;test;SAE_D3_RVH_Capitan;VH;0.3;0.3;75;max;0;0.9;144;0.822429906542056;0.7711273681850979;0.7457627118644068;0.9166666666666666;132.0;45;12;0.9166666666666666;0.2542372881355932;0.08333333333333333;0.7935402989387512;0.4069027900695801
Capitan;SEILS;test;SAE_D3_RVH_Capitan;VH;0.3;0.3;75;max;0;0.9;289;0.0076045627376425855;0.7543912412610474;0.008438818565400843;0.006920415224913495;2.0;235;287;0.006920415224913495;0.9915611814345991;0.9930795847750865;0.0001977261563297361;0.00015644420636817813
Capitan;FMT_C;test;SAE_D3_RVH_Capitan;VH;0.3;0.3;75;max;0;0.9;311;0;0;0.0;0.0;0.0;18;311;0.0;1.0;1.0;0.0;0.0
Capitan;Capitan;val;SAE_D3_RVH_Capitan;VH;0.3;0.4;75;max;0.0;0.9;121;0.7999999999999999;0.7262382535047865;0.7611940298507462;0.8429752066115702;102.0;32;19;0.8429752066115702;0.23880597014925373;0.15702479338842976;0.2672100067138672;0.08150361478328705
Capitan;Capitan;test;SAE_D3_RVH_Capitan;VH;0.3;0.4;75;max;0;0.9;144;0.7088607594936709;0.7278750108992912;0.6511627906976745;0.7777777777777778;112.0;60;32;0.7777777777777778;0.3488372093023256;0.2222222222222222;0.5867133140563965;0.23620200157165527
Capitan;SEILS;test;SAE_D3_RVH_Capitan;VH;0.3;0.4;75;max;0;0.9;289;0.0035778175313059034;0.6988315261369153;0.003703703703703704;0.0034602076124567475;1.0;269;288;0.0034602076124567475;0.9962962962962963;0.9965397923875432;1.966027048183605e-05;2.81278134934837e-05
Capitan;FMT_C;test;SAE_D3_RVH_Capitan;VH;0.3;0.4;75;max;0;0.9;311;0.05405405405405404;0.5505767104143933;0.1694915254237288;0.03215434083601286;10.0;49;301;0.03215434083601286;0.8305084745762712;0.9678456591639871;0.024314021691679955;0.003635198576375842
Capitan;Capitan;val;SAE_D3_RVH_Capitan;VH;0.3;0.5;75;max;0.0;0.9;121;0.4363636363636364;0.7029206843077382;0.48484848484848486;0.39669421487603307;48.0;51;73;0.39669421487603307;0.5151515151515151;0.6033057851239669;0.07278838753700256;0.02214403823018074
Capitan;Capitan;test;SAE_D3_RVH_Capitan;VH;0.3;0.5;75;max;0;0.9;144;0.4424242424242424;0.6611270208902764;0.3924731182795699;0.5069444444444444;73.0;113;71;0.5069444444444444;0.6075268817204301;0.4930555555555556;0.22179542481899261;0.05973140522837639
Capitan;SEILS;test;SAE_D3_RVH_Capitan;VH;0.3;0.5;75;max;0;0.9;289;0.008281573498964802;0.7885253371347108;0.010309278350515464;0.006920415224913495;2.0;192;287;0.006920415224913495;0.9896907216494846;0.9930795847750865;8.325499220518395e-05;8.663366315886378e-05
Capitan;FMT_C;test;SAE_D3_RVH_Capitan;VH;0.3;0.5;75;max;0;0.9;311;0;0;0.0;0.0;0.0;191;311;0.0;1.0;1.0;0.0;0.0
Capitan;Capitan;val;SAE_D3_RVH_Capitan;VH;0.3;0.1;250;max;0.0;0.9;121;0.975609756097561;0.8473203494353866;0.96;0.9917355371900827;120.0;5;1;0.9917355371900827;0.04;0.008264462809917356;0.8026424646377563;0.39257296919822693
Capitan;Capitan;test;SAE_D3_RVH_Capitan;VH;0.3;0.1;250;max;0;0.9;144;0.963210702341137;0.840277996292016;0.9290322580645162;1.0;144.0;11;0;1.0;0.07096774193548387;0.0;0.9591614603996277;0.6536263227462769
Capitan;SEILS;test;SAE_D3_RVH_Capitan;VH;0.3;0.1;250;max;0;0.9;289;0.1172022684310019;0.6771876058233487;0.12916666666666668;0.10726643598615918;31.0;209;258;0.10726643598615918;0.8708333333333333;0.8927335640138409;0.03254532814025879;0.011382545344531536
Capitan;FMT_C;test;SAE_D3_RVH_Capitan;VH;0.3;0.1;250;max;0;0.9;311;0;0;0.0;0.0;0.0;1;311;0.0;1.0;1.0;0.0;0.0
Capitan;Capitan;val;SAE_D3_RVH_Capitan;VH;0.3;0.2;250;max;0.0;0.9;121;0.9133858267716535;0.8083171569671591;0.8721804511278195;0.9586776859504132;116.0;17;5;0.9586776859504132;0.12781954887218044;0.04132231404958678;0.5954563617706299;0.23634442687034607
Capitan;Capitan;test;SAE_D3_RVH_Capitan;VH;0.3;0.2;250;max;0;0.9;144;0.89171974522293;0.7952480378589541;0.8235294117647058;0.9722222222222222;140.0;30;4;0.9722222222222222;0.17647058823529413;0.027777777777777776;0.8970783352851868;0.5098484754562378
Capitan;SEILS;test;SAE_D3_RVH_Capitan;VH;0.3;0.2;250;max;0;0.9;289;0.01923076923076923;0.6486209083045984;0.021645021645021644;0.01730103806228374;5.0;226;284;0.01730103806228374;0.9783549783549783;0.9826989619377162;0.0009461212321184576;0.0003688774013426155
Capitan;FMT_C;test;SAE_D3_RVH_Capitan;VH;0.3;0.2;250;max;0;0.9;311;0;0;0.0;0.0;0.0;6;311;0.0;1.0;1.0;0.0;0.0
Capitan;Capitan;val;SAE_D3_RVH_Capitan;VH;0.3;0.3;250;max;0.0;0.9;121;0.7999999999999999;0.7501913694644087;0.7611940298507462;0.8429752066115702;102.0;32;19;0.8429752066115702;0.23880597014925373;0.15702479338842976;0.2866668105125427;0.09368891268968582
Capitan;Capitan;test;SAE_D3_RVH_Capitan;VH;0.3;0.3;250;max;0;0.9;144;0.8178913738019169;0.7178630415998848;0.757396449704142;0.8888888888888888;128.0;41;16;0.8888888888888888;0.24260355029585798;0.1111111111111111;0.773847758769989;0.30049949884414673
Capitan;SEILS;test;SAE_D3_RVH_Capitan;VH;0.3;0.3;250;max;0;0.9;289;0;0;0.0;0.0;0.0;238;289;0.0;1.0;1.0;0.0;0.0
Capitan;FMT_C;test;SAE_D3_RVH_Capitan;VH;0.3;0.3;250;max;0;0.9;311;0;0;0.0;0.0;0.0;23;311;0.0;1.0;1.0;0.0;0.0
Capitan;Capitan;val;SAE_D3_RVH_Capitan;VH;0.3;0.4;250;max;0.0;0.9;121;0.6133333333333333;0.6766739170041904;0.6634615384615384;0.5702479338842975;69.0;35;52;0.5702479338842975;0.33653846153846156;0.4297520661157025;0.11320420354604721;0.02648201957345009
Capitan;Capitan;test;SAE_D3_RVH_Capitan;VH;0.3;0.4;250;max;0;0.9;144;0.4939024390243902;0.6560648637453907;0.44021739130434784;0.5625;81.0;103;63;0.5625;0.5597826086956522;0.4375;0.3001668155193329;0.08500637114048004
Capitan;SEILS;test;SAE_D3_RVH_Capitan;VH;0.3;0.4;250;max;0;0.9;289;0;0;0.0;0.0;0.0;172;289;0.0;1.0;1.0;0.0;0.0
Capitan;FMT_C;test;SAE_D3_RVH_Capitan;VH;0.3;0.4;250;max;0;0.9;311;0.004106776180698151;0.5522149240577794;0.005681818181818182;0.003215434083601286;1.0;175;310;0.003215434083601286;0.9943181818181818;0.9967845659163987;0.0001071811348083429;6.600659980904311e-05
Capitan;Capitan;val;SAE_D3_RVH_Capitan;VH;0.3;0.5;250;max;0.0;0.9;121;0.41545893719806765;0.6079617771638208;0.5;0.35537190082644626;43.0;43;78;0.35537190082644626;0.5;0.6446280991735537;0.023115316405892372;0.004947793669998646
Capitan;Capitan;test;SAE_D3_RVH_Capitan;VH;0.3;0.5;250;max;0;0.9;144;0.125;0.5734080278750948;0.11363636363636363;0.1388888888888889;20.0;156;124;0.1388888888888889;0.8863636363636364;0.8611111111111112;0.025707000866532326;0.004299135413020849
Capitan;SEILS;test;SAE_D3_RVH_Capitan;VH;0.3;0.5;250;max;0;0.9;289;0;0;0.0;0.0;0.0;86;289;0.0;1.0;1.0;0.0;0.0
Capitan;FMT_C;test;SAE_D3_RVH_Capitan;VH;0.3;0.5;250;max;0;0.9;311;0.024930747922437674;0.6039983177659165;0.021897810218978103;0.028938906752411574;9.0;402;302;0.028938906752411574;0.9781021897810219;0.9710610932475884;0.0013078427873551846;0.0002584136091172695
Capitan;Capitan;val;SAE_D3_RVH_Capitan;VH;0.3;0.1;500;max;0.0;0.9;121;0.975609756097561;0.8480518232603447;0.96;0.9917355371900827;120.0;5;1;0.9917355371900827;0.04;0.008264462809917356;0.7546812891960144;0.3532083332538605
Capitan;Capitan;test;SAE_D3_RVH_Capitan;VH;0.3;0.1;500;max;0;0.9;144;0.9442622950819672;0.8373281007622762;0.8944099378881988;1.0;144.0;17;0;1.0;0.10559006211180125;0.0;0.9517749547958374;0.6440799832344055
Capitan;SEILS;test;SAE_D3_RVH_Capitan;VH;0.3;0.1;500;max;0;0.9;289;0.09195402298850575;0.6783842846803005;0.10300429184549356;0.08304498269896193;24.0;209;265;0.08304498269896193;0.8969957081545065;0.916955017301038;0.017826220020651817;0.005372656974941492
Capitan;FMT_C;test;SAE_D3_RVH_Capitan;VH;0.3;0.1;500;max;0;0.9;311;0;0;0.0;0.0;0.0;2;311;0.0;1.0;1.0;0.0;0.0
Capitan;Capitan;val;SAE_D3_RVH_Capitan;VH;0.3;0.2;500;max;0.0;0.9;121;0.933852140077821;0.7848412583425877;0.8823529411764706;0.9917355371900827;120.0;16;1;0.9917355371900827;0.11764705882352941;0.008264462809917356;0.5323308706283569;0.19822758436203003
Capitan;Capitan;test;SAE_D3_RVH_Capitan;VH;0.3;0.2;500;max;0;0.9;144;0.8625;0.7759235732790954;0.7840909090909091;0.9583333333333334;138.0;38;6;0.9583333333333334;0.2159090909090909;0.041666666666666664;0.8411356806755066;0.44889014959335327
Capitan;SEILS;test;SAE_D3_RVH_Capitan;VH;0.3;0.2;500;max;0;0.9;289;0.008048289738430582;0.7526798466159165;0.009615384615384616;0.006920415224913495;2.0;206;287;0.006920415224913495;0.9903846153846154;0.9930795847750865;0.00021626298257615417;0.0001787678775144741
Capitan;FMT_C;test;SAE_D3_RVH_Capitan;VH;0.3;0.2;500;max;0;0.9;311;0;0;0.0;0.0;0.0;11;311;0.0;1.0;1.0;0.0;0.0
Capitan;Capitan;val;SAE_D3_RVH_Capitan;VH;0.3;0.3;500;max;0.0;0.9;121;0.7833333333333333;0.7293589788884486;0.7899159663865546;0.7768595041322314;94.0;25;27;0.7768595041322314;0.21008403361344538;0.2231404958677686;0.21935991942882538;0.06260530650615692
Capitan;Capitan;test;SAE_D3_RVH_Capitan;VH;0.3;0.3;500;max;0;0.9;144;0.7492260061919503;0.6972326017951288;0.6759776536312849;0.8402777777777778;121.0;58;23;0.8402777777777778;0.3240223463687151;0.1597222222222222;0.6546552181243896;0.23728206753730774
Capitan;SEILS;test;SAE_D3_RVH_Capitan;VH;0.3;0.3;500;max;0;0.9;289;0;0;0.0;0.0;0.0;241;289;0.0;1.0;1.0;0.0;0.0
Capitan;FMT_C;test;SAE_D3_RVH_Capitan;VH;0.3;0.3;500;max;0;0.9;311;0.005681818181818182;0.5998400426552919;0.024390243902439025;0.003215434083601286;1.0;40;310;0.003215434083601286;0.975609756097561;0.9967845659163987;0.00024734108592383564;0.00022848439402878284
Capitan;Capitan;val;SAE_D3_RVH_Capitan;VH;0.3;0.4;500;max;0.0;0.9;121;0.5092592592592592;0.6442166483562586;0.5789473684210527;0.45454545454545453;55.0;40;66;0.45454545454545453;0.42105263157894735;0.5454545454545454;0.05443110689520836;0.010465051978826523
Capitan;Capitan;test;SAE_D3_RVH_Capitan;VH;0.3;0.4;500;max;0;0.9;144;0.3866666666666667;0.6128267768159196;0.3717948717948718;0.4027777777777778;58.0;98;86;0.4027777777777778;0.6282051282051282;0.5972222222222222;0.20430831611156464;0.04270976781845093
Capitan;SEILS;test;SAE_D3_RVH_Capitan;VH;0.3;0.4;500;max;0;0.9;289;0;0;0.0;0.0;0.0;130;289;0.0;1.0;1.0;0.0;0.0
Capitan;FMT_C;test;SAE_D3_RVH_Capitan;VH;0.3;0.4;500;max;0;0.9;311;0.0036036036036036037;0.6185353280663417;0.004098360655737705;0.003215434083601286;1.0;243;310;0.003215434083601286;0.9959016393442623;0.9967845659163987;1.728728057059925e-05;1.5969339074217714e-05
Capitan;Capitan;val;SAE_D3_RVH_Capitan;VH;0.3;0.5;500;max;0.0;0.9;121;0.12371134020618557;0.5958196784284479;0.1643835616438356;0.09917355371900827;12.0;61;109;0.09917355371900827;0.8356164383561644;0.9008264462809917;0.001441874192096293;0.00031669638701714575
Capitan;Capitan;test;SAE_D3_RVH_Capitan;VH;0.3;0.5;500;max;0;0.9;144;0.0498220640569395;0.6445674322717326;0.051094890510948905;0.04861111111111111;7.0;130;137;0.04861111111111111;0.948905109489051;0.9513888888888888;0.004332010634243488;0.0015316031640395522
Capitan;SEILS;test;SAE_D3_RVH_Capitan;VH;0.3;0.5;500;max;0;0.9;289;0;0;0.0;0.0;0.0;52;289;0.0;1.0;1.0;0.0;0.0
Capitan;FMT_C;test;SAE_D3_RVH_Capitan;VH;0.3;0.5;500;max;0;0.9;311;0.017069701280227594;0.5891295411703579;0.015306122448979591;0.01929260450160772;6.0;386;305;0.01929260450160772;0.9846938775510204;0.9807073954983923;0.0005444777780212462;0.0001574758643982932
