Source;Target;Partition;model;Resize;dropoutTrain;dropoutVal;Repetitions;Combination;VoteTH;BinTH;TotalGTBoxes;F1;IoU;Prec;Recall;TP;FP;FN;TP-norm;FP-norm;FN-norm;mAP;COCO
SEILS;SEILS;val;SAE_D2_RVH_SEILS;VH;0.2;0.1;1;mean;0.0;0.6;290;0.9100719424460431;0.8489802782563315;0.9511278195488722;0.8724137931034482;253.0;13;37;0.8724137931034482;0.04887218045112782;0.12758620689655173;0.7543816566467285;0.45660004019737244
SEILS;Capitan;test;SAE_D2_RVH_SEILS;VH;0.2;0.1;1;mean;0;0.6;144;0.011428571428571427;0.5404704254583189;0.03225806451612903;0.006944444444444444;1.0;30;143;0.006944444444444444;0.967741935483871;0.9930555555555556;0.00046296295477077365;6.600659980904311e-05
SEILS;SEILS;test;SAE_D2_RVH_SEILS;VH;0.2;0.1;1;mean;0;0.6;289;0.9068100358422939;0.8540626628711916;0.9405204460966543;0.8754325259515571;253.0;16;36;0.8754325259515571;0.05947955390334572;0.1245674740484429;0.8329804539680481;0.5562782883644104
SEILS;FMT_C;test;SAE_D2_RVH_SEILS;VH;0.2;0.1;1;mean;0;0.6;311;0;0;0.0;0.0;0.0;0;311;0.0;0.0;1.0;0.0;0.0
SEILS;SEILS;val;SAE_D2_RVH_SEILS;VH;0.2;0.2;1;mean;0.0;0.5;290;0.8421052631578947;0.8172348156255165;0.8571428571428571;0.8275862068965517;240.0;40;50;0.8275862068965517;0.14285714285714285;0.1724137931034483;0.6262798309326172;0.35860246419906616
SEILS;Capitan;test;SAE_D2_RVH_SEILS;VH;0.2;0.2;1;mean;0;0.5;144;0.08;0.7287050111030184;0.14285714285714285;0.05555555555555555;8.0;48;136;0.05555555555555555;0.8571428571428571;0.9444444444444444;0.013625841587781906;0.0056314049288630486
SEILS;SEILS;test;SAE_D2_RVH_SEILS;VH;0.2;0.2;1;mean;0;0.5;289;0.8212389380530972;0.8410260957471357;0.8405797101449275;0.8027681660899654;232.0;44;57;0.8027681660899654;0.15942028985507245;0.1972318339100346;0.6879560351371765;0.44033998250961304
SEILS;FMT_C;test;SAE_D2_RVH_SEILS;VH;0.2;0.2;1;mean;0;0.5;311;0;0;0.0;0.0;0.0;0;311;0.0;0.0;1.0;0.0;0.0
SEILS;SEILS;val;SAE_D2_RVH_SEILS;VH;0.2;0.3;1;mean;0.0;0.3;290;0.5892857142857143;0.7936819680226763;0.6111111111111112;0.5689655172413793;165.0;105;125;0.5689655172413793;0.3888888888888889;0.43103448275862066;0.3224540948867798;0.16476938128471375
SEILS;Capitan;test;SAE_D2_RVH_SEILS;VH;0.2;0.3;1;mean;0;0.3;144;0.11042944785276075;0.8307664065223509;0.47368421052631576;0.0625;9.0;10;135;0.0625;0.5263157894736842;0.9375;0.03835470229387283;0.02676059864461422
SEILS;SEILS;test;SAE_D2_RVH_SEILS;VH;0.2;0.3;1;mean;0;0.3;289;0.6799276672694394;0.8037413907399565;0.7121212121212122;0.6505190311418685;188.0;76;101;0.6505190311418685;0.2878787878787879;0.3494809688581315;0.4999706447124481;0.2788195312023163
SEILS;FMT_C;test;SAE_D2_RVH_SEILS;VH;0.2;0.3;1;mean;0;0.3;311;0;0;0.0;0.0;0.0;33;311;0.0;1.0;1.0;0.0;0.0
SEILS;SEILS;val;SAE_D2_RVH_SEILS;VH;0.2;0.4;1;mean;0.0;0.45;290;0.43043478260869567;0.7474458558245962;0.5823529411764706;0.3413793103448276;99.0;71;191;0.3413793103448276;0.4176470588235294;0.6586206896551724;0.17894986271858215;0.08249212801456451
SEILS;Capitan;test;SAE_D2_RVH_SEILS;VH;0.2;0.4;1;mean;0;0.45;144;0;0;0.0;0.0;0.0;5;144;0.0;1.0;1.0;0.0;0.0
SEILS;SEILS;test;SAE_D2_RVH_SEILS;VH;0.2;0.4;1;mean;0;0.45;289;0.4017278617710583;0.7616727983559312;0.5344827586206896;0.3217993079584775;93.0;81;196;0.3217993079584775;0.46551724137931033;0.6782006920415224;0.20576715469360352;0.10267680883407593
SEILS;FMT_C;test;SAE_D2_RVH_SEILS;VH;0.2;0.4;1;mean;0;0.45;311;0;0;0.0;0.0;0.0;10;311;0.0;1.0;1.0;0.0;0.0
SEILS;SEILS;val;SAE_D2_RVH_SEILS;VH;0.2;0.5;1;mean;0.0;0.1;290;0.22604422604422603;0.7390628833485605;0.39316239316239315;0.15862068965517243;46.0;71;244;0.15862068965517243;0.6068376068376068;0.8413793103448276;0.03332824632525444;0.011879733763635159
SEILS;Capitan;test;SAE_D2_RVH_SEILS;VH;0.2;0.5;1;mean;0;0.1;144;0;0;0.0;0.0;0.0;2;144;0.0;1.0;1.0;0.0;0.0
SEILS;SEILS;test;SAE_D2_RVH_SEILS;VH;0.2;0.5;1;mean;0;0.1;289;0.20417633410672856;0.7535699442872869;0.30985915492957744;0.1522491349480969;44.0;98;245;0.1522491349480969;0.6901408450704225;0.8477508650519031;0.06526094675064087;0.030466994270682335
SEILS;FMT_C;test;SAE_D2_RVH_SEILS;VH;0.2;0.5;1;mean;0;0.1;311;0;0;0.0;0.0;0.0;42;311;0.0;1.0;1.0;0.0;0.0
SEILS;SEILS;val;SAE_D2_RVH_SEILS;VH;0.2;0.1;2;mean;0.0;0.45;290;0.9340463458110516;0.8539688343589111;0.966789667896679;0.903448275862069;262.0;9;28;0.903448275862069;0.033210332103321034;0.09655172413793103;0.7889793515205383;0.49035048484802246
SEILS;Capitan;test;SAE_D2_RVH_SEILS;VH;0.2;0.1;2;mean;0;0.45;144;0;0;0.0;0.0;0.0;3;144;0.0;1.0;1.0;0.0;0.0
SEILS;SEILS;test;SAE_D2_RVH_SEILS;VH;0.2;0.1;2;mean;0;0.45;289;0.9194991055456171;0.8622806815340022;0.9518518518518518;0.889273356401384;257.0;13;32;0.889273356401384;0.04814814814814815;0.11072664359861592;0.8505280017852783;0.6043590307235718
SEILS;FMT_C;test;SAE_D2_RVH_SEILS;VH;0.2;0.1;2;mean;0;0.45;311;0;0;0.0;0.0;0.0;0;311;0.0;0.0;1.0;0.0;0.0
SEILS;SEILS;val;SAE_D2_RVH_SEILS;VH;0.2;0.2;2;mean;0.0;0.5;290;0.8912655971479501;0.8412750816585113;0.922509225092251;0.8620689655172413;250.0;21;40;0.8620689655172413;0.07749077490774908;0.13793103448275862;0.644557774066925;0.3852313160896301
SEILS;Capitan;test;SAE_D2_RVH_SEILS;VH;0.2;0.2;2;mean;0;0.5;144;0;0;0.0;0.0;0.0;3;144;0.0;1.0;1.0;0.0;0.0
SEILS;SEILS;test;SAE_D2_RVH_SEILS;VH;0.2;0.2;2;mean;0;0.5;289;0.8673835125448028;0.851612725883925;0.8996282527881041;0.8373702422145328;242.0;27;47;0.8373702422145328;0.10037174721189591;0.16262975778546712;0.7597182393074036;0.5239195823669434
SEILS;FMT_C;test;SAE_D2_RVH_SEILS;VH;0.2;0.2;2;mean;0;0.5;311;0;0;0.0;0.0;0.0;0;311;0.0;0.0;1.0;0.0;0.0
SEILS;SEILS;val;SAE_D2_RVH_SEILS;VH;0.2;0.3;2;mean;0.0;0.35;290;0.8209764918625679;0.826758459016402;0.8631178707224335;0.7827586206896552;227.0;36;63;0.7827586206896552;0.13688212927756654;0.21724137931034482;0.3909197747707367;0.21337027847766876
SEILS;Capitan;test;SAE_D2_RVH_SEILS;VH;0.2;0.3;2;mean;0;0.35;144;0.08641975308641976;0.7356476358449451;0.3888888888888889;0.04861111111111111;7.0;11;137;0.04861111111111111;0.6111111111111112;0.9513888888888888;0.02964743599295616;0.011114813387393951
SEILS;SEILS;test;SAE_D2_RVH_SEILS;VH;0.2;0.3;2;mean;0;0.35;289;0.7694974003466205;0.833234263161924;0.7708333333333334;0.7681660899653979;222.0;66;67;0.7681660899653979;0.22916666666666666;0.23183391003460208;0.6209937334060669;0.3827736973762512
SEILS;FMT_C;test;SAE_D2_RVH_SEILS;VH;0.2;0.3;2;mean;0;0.35;311;0;0;0.0;0.0;0.0;0;311;0.0;0.0;1.0;0.0;0.0
SEILS;SEILS;val;SAE_D2_RVH_SEILS;VH;0.2;0.4;2;mean;0.0;0.25;290;0.5360443622920519;0.7664254422027532;0.5776892430278885;0.5;145.0;106;145;0.5;0.42231075697211157;0.5;0.17304900288581848;0.08496272563934326
SEILS;Capitan;test;SAE_D2_RVH_SEILS;VH;0.2;0.4;2;mean;0;0.25;144;0.11214953271028037;0.6627156857037474;0.17142857142857143;0.08333333333333333;12.0;58;132;0.08333333333333333;0.8285714285714286;0.9166666666666666;0.022295640781521797;0.006389669142663479
SEILS;SEILS;test;SAE_D2_RVH_SEILS;VH;0.2;0.4;2;mean;0;0.25;289;0.48608534322820035;0.7806499420586653;0.524;0.4532871972318339;131.0;119;158;0.4532871972318339;0.476;0.5467128027681661;0.2864316403865814;0.14517231285572052
SEILS;FMT_C;test;SAE_D2_RVH_SEILS;VH;0.2;0.4;2;mean;0;0.25;311;0;0;0.0;0.0;0.0;1;311;0.0;1.0;1.0;0.0;0.0
SEILS;SEILS;val;SAE_D2_RVH_SEILS;VH;0.2;0.5;2;mean;0.0;0.15;290;0.25345622119815664;0.7681073533158285;0.3819444444444444;0.1896551724137931;55.0;89;235;0.1896551724137931;0.6180555555555556;0.8103448275862069;0.042754653841257095;0.020379357039928436
SEILS;Capitan;test;SAE_D2_RVH_SEILS;VH;0.2;0.5;2;mean;0;0.15;144;0.012195121951219511;0.5211473856490654;0.05;0.006944444444444444;1.0;19;143;0.006944444444444444;0.95;0.9930555555555556;0.00046296295477077365;6.600659980904311e-05
SEILS;SEILS;test;SAE_D2_RVH_SEILS;VH;0.2;0.5;2;mean;0;0.15;289;0.17931034482758623;0.7753021027212679;0.2671232876712329;0.13494809688581316;39.0;107;250;0.13494809688581316;0.7328767123287672;0.8650519031141869;0.05117913335561752;0.026671791449189186
SEILS;FMT_C;test;SAE_D2_RVH_SEILS;VH;0.2;0.5;2;mean;0;0.15;311;0;0;0.0;0.0;0.0;24;311;0.0;1.0;1.0;0.0;0.0
SEILS;SEILS;val;SAE_D2_RVH_SEILS;VH;0.2;0.1;5;mean;0.0;0.65;290;0.9428571428571428;0.8579705531609273;0.9777777777777777;0.9103448275862069;264.0;6;26;0.9103448275862069;0.022222222222222223;0.0896551724137931;0.8024811744689941;0.48840728402137756
SEILS;Capitan;test;SAE_D2_RVH_SEILS;VH;0.2;0.1;5;mean;0;0.65;144;0;0;0.0;0.0;0.0;0;144;0.0;0.0;1.0;0.0;0.0
SEILS;SEILS;test;SAE_D2_RVH_SEILS;VH;0.2;0.1;5;mean;0;0.65;289;0.9357142857142858;0.8690970542327855;0.966789667896679;0.9065743944636678;262.0;9;27;0.9065743944636678;0.033210332103321034;0.09342560553633218;0.8773860931396484;0.6230334043502808
SEILS;FMT_C;test;SAE_D2_RVH_SEILS;VH;0.2;0.1;5;mean;0;0.65;311;0;0;0.0;0.0;0.0;0;311;0.0;0.0;1.0;0.0;0.0
SEILS;SEILS;val;SAE_D2_RVH_SEILS;VH;0.2;0.2;5;mean;0.0;0.35;290;0.9252669039145908;0.8388388798460216;0.9558823529411765;0.896551724137931;260.0;12;30;0.896551724137931;0.04411764705882353;0.10344827586206896;0.6492223143577576;0.3781524896621704
SEILS;Capitan;test;SAE_D2_RVH_SEILS;VH;0.2;0.2;5;mean;0;0.35;144;0;0;0.0;0.0;0.0;11;144;0.0;1.0;1.0;0.0;0.0
SEILS;SEILS;test;SAE_D2_RVH_SEILS;VH;0.2;0.2;5;mean;0;0.35;289;0.9129662522202486;0.8539330685092873;0.9379562043795621;0.889273356401384;257.0;17;32;0.889273356401384;0.06204379562043796;0.11072664359861592;0.8340994715690613;0.5713052749633789
SEILS;FMT_C;test;SAE_D2_RVH_SEILS;VH;0.2;0.2;5;mean;0;0.35;311;0;0;0.0;0.0;0.0;0;311;0.0;0.0;1.0;0.0;0.0
SEILS;SEILS;val;SAE_D2_RVH_SEILS;VH;0.2;0.3;5;mean;0.0;0.3;290;0.9024390243902438;0.8223365421011257;0.9119718309859155;0.8931034482758621;259.0;25;31;0.8931034482758621;0.0880281690140845;0.10689655172413794;0.40922605991363525;0.2177530825138092
SEILS;Capitan;test;SAE_D2_RVH_SEILS;VH;0.2;0.3;5;mean;0;0.3;144;0;0;0.0;0.0;0.0;2;144;0.0;1.0;1.0;0.0;0.0
SEILS;SEILS;test;SAE_D2_RVH_SEILS;VH;0.2;0.3;5;mean;0;0.3;289;0.9010600706713782;0.8443216515821015;0.9205776173285198;0.8823529411764706;255.0;22;34;0.8823529411764706;0.07942238267148015;0.11764705882352941;0.8122743964195251;0.5302318334579468
SEILS;FMT_C;test;SAE_D2_RVH_SEILS;VH;0.2;0.3;5;mean;0;0.3;311;0;0;0.0;0.0;0.0;0;311;0.0;0.0;1.0;0.0;0.0
SEILS;SEILS;val;SAE_D2_RVH_SEILS;VH;0.2;0.4;5;mean;0.0;0.2;290;0.6111111111111112;0.8038847314309582;0.66;0.5689655172413793;165.0;85;125;0.5689655172413793;0.34;0.43103448275862066;0.16299256682395935;0.08384047448635101
SEILS;Capitan;test;SAE_D2_RVH_SEILS;VH;0.2;0.4;5;mean;0;0.2;144;0.0823529411764706;0.7287754168886983;0.2692307692307692;0.04861111111111111;7.0;19;137;0.04861111111111111;0.7307692307692307;0.9513888888888888;0.030934343114495277;0.013912821188569069
SEILS;SEILS;test;SAE_D2_RVH_SEILS;VH;0.2;0.4;5;mean;0;0.2;289;0.6449275362318841;0.8063075345671926;0.6768060836501901;0.615916955017301;178.0;85;111;0.615916955017301;0.3231939163498099;0.38408304498269896;0.44310763478279114;0.24964599311351776
SEILS;FMT_C;test;SAE_D2_RVH_SEILS;VH;0.2;0.4;5;mean;0;0.2;311;0;0;0.0;0.0;0.0;8;311;0.0;1.0;1.0;0.0;0.0
SEILS;SEILS;val;SAE_D2_RVH_SEILS;VH;0.2;0.5;5;mean;0.0;0.2;290;0.4164859002169197;0.8058742058100593;0.5614035087719298;0.3310344827586207;96.0;75;194;0.3310344827586207;0.43859649122807015;0.6689655172413793;0.046368278563022614;0.022774534299969673
SEILS;Capitan;test;SAE_D2_RVH_SEILS;VH;0.2;0.5;5;mean;0;0.2;144;0;0;0.0;0.0;0.0;24;144;0.0;1.0;1.0;0.0;0.0
SEILS;SEILS;test;SAE_D2_RVH_SEILS;VH;0.2;0.5;5;mean;0;0.2;289;0.368763557483731;0.8089695180671412;0.4941860465116279;0.29411764705882354;85.0;87;204;0.29411764705882354;0.5058139534883721;0.7058823529411765;0.16373281180858612;0.0953301414847374
SEILS;FMT_C;test;SAE_D2_RVH_SEILS;VH;0.2;0.5;5;mean;0;0.2;311;0;0;0.0;0.0;0.0;0;311;0.0;0.0;1.0;0.0;0.0
SEILS;SEILS;val;SAE_D2_RVH_SEILS;VH;0.2;0.1;25;mean;0.0;0.55;290;0.9428571428571428;0.8617504327758556;0.9777777777777777;0.9103448275862069;264.0;6;26;0.9103448275862069;0.022222222222222223;0.0896551724137931;0.7982723712921143;0.48629945516586304
SEILS;Capitan;test;SAE_D2_RVH_SEILS;VH;0.2;0.1;25;mean;0;0.55;144;0;0;0.0;0.0;0.0;0;144;0.0;0.0;1.0;0.0;0.0
SEILS;SEILS;test;SAE_D2_RVH_SEILS;VH;0.2;0.1;25;mean;0;0.55;289;0.932142857142857;0.8773050380031373;0.9630996309963099;0.903114186851211;261.0;10;28;0.903114186851211;0.03690036900369004;0.09688581314878893;0.8722149133682251;0.6449429392814636
SEILS;FMT_C;test;SAE_D2_RVH_SEILS;VH;0.2;0.1;25;mean;0;0.55;311;0;0;0.0;0.0;0.0;0;311;0.0;0.0;1.0;0.0;0.0
SEILS;SEILS;val;SAE_D2_RVH_SEILS;VH;0.2;0.2;25;mean;0.0;0.45;290;0.9392857142857144;0.8579363942729412;0.9740740740740741;0.906896551724138;263.0;7;27;0.906896551724138;0.025925925925925925;0.09310344827586207;0.6626596450805664;0.381064236164093
SEILS;Capitan;test;SAE_D2_RVH_SEILS;VH;0.2;0.2;25;mean;0;0.45;144;0;0;0.0;0.0;0.0;0;144;0.0;0.0;1.0;0.0;0.0
SEILS;SEILS;test;SAE_D2_RVH_SEILS;VH;0.2;0.2;25;mean;0;0.45;289;0.9269162210338681;0.8730046360449079;0.9558823529411765;0.8996539792387543;260.0;12;29;0.8996539792387543;0.04411764705882353;0.10034602076124567;0.8641161918640137;0.6268159747123718
SEILS;FMT_C;test;SAE_D2_RVH_SEILS;VH;0.2;0.2;25;mean;0;0.45;311;0;0;0.0;0.0;0.0;0;311;0.0;0.0;1.0;0.0;0.0
SEILS;SEILS;val;SAE_D2_RVH_SEILS;VH;0.2;0.3;25;mean;0.0;0.3;290;0.9126559714795008;0.8458063240293012;0.9446494464944649;0.8827586206896552;256.0;15;34;0.8827586206896552;0.055350553505535055;0.11724137931034483;0.41748830676078796;0.22914321720600128
SEILS;Capitan;test;SAE_D2_RVH_SEILS;VH;0.2;0.3;25;mean;0;0.3;144;0;0;0.0;0.0;0.0;0;144;0.0;0.0;1.0;0.0;0.0
SEILS;SEILS;test;SAE_D2_RVH_SEILS;VH;0.2;0.3;25;mean;0;0.3;289;0.9214285714285715;0.8538732903214757;0.9520295202952029;0.8927335640138409;258.0;13;31;0.8927335640138409;0.04797047970479705;0.10726643598615918;0.8550557494163513;0.5857396721839905
SEILS;FMT_C;test;SAE_D2_RVH_SEILS;VH;0.2;0.3;25;mean;0;0.3;311;0;0;0.0;0.0;0.0;0;311;0.0;0.0;1.0;0.0;0.0
SEILS;SEILS;val;SAE_D2_RVH_SEILS;VH;0.2;0.4;25;mean;0.0;0.15;290;0.8944543828264759;0.8235427577724656;0.929368029739777;0.8620689655172413;250.0;19;40;0.8620689655172413;0.07063197026022305;0.13793103448275862;0.1914178431034088;0.10259632766246796
SEILS;Capitan;test;SAE_D2_RVH_SEILS;VH;0.2;0.4;25;mean;0;0.15;144;0.011904761904761906;0.5156132734199101;0.041666666666666664;0.006944444444444444;1.0;23;143;0.006944444444444444;0.9583333333333334;0.9930555555555556;0.0006313131307251751;9.000900172395632e-05
SEILS;SEILS;test;SAE_D2_RVH_SEILS;VH;0.2;0.4;25;mean;0;0.15;289;0.89087656529517;0.8354282564693108;0.9222222222222223;0.8615916955017301;249.0;21;40;0.8615916955017301;0.07777777777777778;0.1384083044982699;0.8016501069068909;0.5115149021148682
SEILS;FMT_C;test;SAE_D2_RVH_SEILS;VH;0.2;0.4;25;mean;0;0.15;311;0;0;0.0;0.0;0.0;0;311;0.0;0.0;1.0;0.0;0.0
SEILS;SEILS;val;SAE_D2_RVH_SEILS;VH;0.2;0.5;25;mean;0.0;0.1;290;0.5755919854280509;0.811581593294294;0.61003861003861;0.5448275862068965;158.0;101;132;0.5448275862068965;0.38996138996138996;0.45517241379310347;0.04582786187529564;0.024181436747312546
SEILS;Capitan;test;SAE_D2_RVH_SEILS;VH;0.2;0.5;25;mean;0;0.1;144;0.07058823529411765;0.7562040355071629;0.23076923076923078;0.041666666666666664;6.0;20;138;0.041666666666666664;0.7692307692307693;0.9583333333333334;0.011904762126505375;0.0065535129979252815
SEILS;SEILS;test;SAE_D2_RVH_SEILS;VH;0.2;0.5;25;mean;0;0.1;289;0.5738539898132428;0.8141947878941883;0.5633333333333334;0.5847750865051903;169.0;131;120;0.5847750865051903;0.43666666666666665;0.41522491349480967;0.39666348695755005;0.23869705200195312
SEILS;FMT_C;test;SAE_D2_RVH_SEILS;VH;0.2;0.5;25;mean;0;0.1;311;0;0;0.0;0.0;0.0;2;311;0.0;1.0;1.0;0.0;0.0
SEILS;SEILS;val;SAE_D2_RVH_SEILS;VH;0.2;0.1;75;mean;0.0;0.6;290;0.9428571428571428;0.8624651532582724;0.9777777777777777;0.9103448275862069;264.0;6;26;0.9103448275862069;0.022222222222222223;0.0896551724137931;0.8059518337249756;0.49055424332618713
SEILS;Capitan;test;SAE_D2_RVH_SEILS;VH;0.2;0.1;75;mean;0;0.6;144;0;0;0.0;0.0;0.0;0;144;0.0;0.0;1.0;0.0;0.0
SEILS;SEILS;test;SAE_D2_RVH_SEILS;VH;0.2;0.1;75;mean;0;0.6;289;0.932142857142857;0.8780087587815956;0.9630996309963099;0.903114186851211;261.0;10;28;0.903114186851211;0.03690036900369004;0.09688581314878893;0.8743911981582642;0.6453843712806702
SEILS;FMT_C;test;SAE_D2_RVH_SEILS;VH;0.2;0.1;75;mean;0;0.6;311;0;0;0.0;0.0;0.0;0;311;0.0;0.0;1.0;0.0;0.0
SEILS;SEILS;val;SAE_D2_RVH_SEILS;VH;0.2;0.2;75;mean;0.0;0.45;290;0.9392857142857144;0.8614796553626468;0.9740740740740741;0.906896551724138;263.0;7;27;0.906896551724138;0.025925925925925925;0.09310344827586207;0.6562216877937317;0.37868285179138184
SEILS;Capitan;test;SAE_D2_RVH_SEILS;VH;0.2;0.2;75;mean;0;0.45;144;0;0;0.0;0.0;0.0;0;144;0.0;0.0;1.0;0.0;0.0
SEILS;SEILS;test;SAE_D2_RVH_SEILS;VH;0.2;0.2;75;mean;0;0.45;289;0.9214285714285715;0.8767115770173197;0.9520295202952029;0.8927335640138409;258.0;13;31;0.8927335640138409;0.04797047970479705;0.10726643598615918;0.8693943619728088;0.6381829977035522
SEILS;FMT_C;test;SAE_D2_RVH_SEILS;VH;0.2;0.2;75;mean;0;0.45;311;0;0;0.0;0.0;0.0;0;311;0.0;0.0;1.0;0.0;0.0
SEILS;SEILS;val;SAE_D2_RVH_SEILS;VH;0.2;0.3;75;mean;0.0;0.35;290;0.9359430604982206;0.8509905000861943;0.9669117647058824;0.906896551724138;263.0;9;27;0.906896551724138;0.03308823529411765;0.09310344827586207;0.42989474534988403;0.23847393691539764
SEILS;Capitan;test;SAE_D2_RVH_SEILS;VH;0.2;0.3;75;mean;0;0.35;144;0;0;0.0;0.0;0.0;0;144;0.0;0.0;1.0;0.0;0.0
SEILS;SEILS;test;SAE_D2_RVH_SEILS;VH;0.2;0.3;75;mean;0;0.35;289;0.9302325581395349;0.8714568321131898;0.9629629629629629;0.8996539792387543;260.0;10;29;0.8996539792387543;0.037037037037037035;0.10034602076124567;0.871992290019989;0.6287696361541748
SEILS;FMT_C;test;SAE_D2_RVH_SEILS;VH;0.2;0.3;75;mean;0;0.35;311;0;0;0.0;0.0;0.0;0;311;0.0;0.0;1.0;0.0;0.0
SEILS;SEILS;val;SAE_D2_RVH_SEILS;VH;0.2;0.4;75;mean;0.0;0.15;290;0.923076923076923;0.8479457214595708;0.9591078066914498;0.8896551724137931;258.0;11;32;0.8896551724137931;0.040892193308550186;0.1103448275862069;0.20341750979423523;0.11148581653833389
SEILS;Capitan;test;SAE_D2_RVH_SEILS;VH;0.2;0.4;75;mean;0;0.15;144;0;0;0.0;0.0;0.0;13;144;0.0;1.0;1.0;0.0;0.0
SEILS;SEILS;test;SAE_D2_RVH_SEILS;VH;0.2;0.4;75;mean;0;0.15;289;0.9107142857142857;0.8547975511866711;0.940959409594096;0.8823529411764706;255.0;16;34;0.8823529411764706;0.05904059040590406;0.11764705882352941;0.8386870622634888;0.570391833782196
SEILS;FMT_C;test;SAE_D2_RVH_SEILS;VH;0.2;0.4;75;mean;0;0.15;311;0;0;0.0;0.0;0.0;0;311;0.0;0.0;1.0;0.0;0.0
SEILS;SEILS;val;SAE_D2_RVH_SEILS;VH;0.2;0.5;75;mean;0.0;0.1;290;0.8561403508771931;0.8282200031764336;0.8714285714285714;0.8413793103448276;244.0;36;46;0.8413793103448276;0.12857142857142856;0.15862068965517243;0.05087290704250336;0.02652708627283573
SEILS;Capitan;test;SAE_D2_RVH_SEILS;VH;0.2;0.5;75;mean;0;0.1;144;0;0;0.0;0.0;0.0;1;144;0.0;1.0;1.0;0.0;0.0
SEILS;SEILS;test;SAE_D2_RVH_SEILS;VH;0.2;0.5;75;mean;0;0.1;289;0.8677248677248678;0.8359334953409769;0.8848920863309353;0.8512110726643599;246.0;32;43;0.8512110726643599;0.11510791366906475;0.14878892733564014;0.7955143451690674;0.5069979429244995
SEILS;FMT_C;test;SAE_D2_RVH_SEILS;VH;0.2;0.5;75;mean;0;0.1;311;0;0;0.0;0.0;0.0;0;311;0.0;0.0;1.0;0.0;0.0
SEILS;SEILS;val;SAE_D2_RVH_SEILS;VH;0.2;0.1;250;mean;0.0;0.6;290;0.9428571428571428;0.8622452744110011;0.9777777777777777;0.9103448275862069;264.0;6;26;0.9103448275862069;0.022222222222222223;0.0896551724137931;0.807778000831604;0.49343547224998474
SEILS;Capitan;test;SAE_D2_RVH_SEILS;VH;0.2;0.1;250;mean;0;0.6;144;0;0;0.0;0.0;0.0;0;144;0.0;0.0;1.0;0.0;0.0
SEILS;SEILS;test;SAE_D2_RVH_SEILS;VH;0.2;0.1;250;mean;0;0.6;289;0.9357142857142858;0.8753488908968068;0.966789667896679;0.9065743944636678;262.0;9;27;0.9065743944636678;0.033210332103321034;0.09342560553633218;0.8850151300430298;0.6446062326431274
SEILS;FMT_C;test;SAE_D2_RVH_SEILS;VH;0.2;0.1;250;mean;0;0.6;311;0;0;0.0;0.0;0.0;0;311;0.0;0.0;1.0;0.0;0.0
SEILS;SEILS;val;SAE_D2_RVH_SEILS;VH;0.2;0.2;250;mean;0.0;0.5;290;0.9411764705882353;0.8573610587125223;0.974169741697417;0.9103448275862069;264.0;7;26;0.9103448275862069;0.025830258302583026;0.0896551724137931;0.6589120030403137;0.379827618598938
SEILS;Capitan;test;SAE_D2_RVH_SEILS;VH;0.2;0.2;250;mean;0;0.5;144;0;0;0.0;0.0;0.0;0;144;0.0;0.0;1.0;0.0;0.0
SEILS;SEILS;test;SAE_D2_RVH_SEILS;VH;0.2;0.2;250;mean;0;0.5;289;0.9285714285714287;0.8746105227665275;0.959409594095941;0.8996539792387543;260.0;11;29;0.8996539792387543;0.04059040590405904;0.10034602076124567;0.8701921105384827;0.6385093331336975
SEILS;FMT_C;test;SAE_D2_RVH_SEILS;VH;0.2;0.2;250;mean;0;0.5;311;0;0;0.0;0.0;0.0;0;311;0.0;0.0;1.0;0.0;0.0
SEILS;SEILS;val;SAE_D2_RVH_SEILS;VH;0.2;0.3;250;mean;0.0;0.3;290;0.9338103756708408;0.859366481934784;0.9702602230483272;0.9;261.0;8;29;0.9;0.02973977695167286;0.1;0.43176114559173584;0.23983120918273926
SEILS;Capitan;test;SAE_D2_RVH_SEILS;VH;0.2;0.3;250;mean;0;0.3;144;0;0;0.0;0.0;0.0;0;144;0.0;0.0;1.0;0.0;0.0
SEILS;SEILS;test;SAE_D2_RVH_SEILS;VH;0.2;0.3;250;mean;0;0.3;289;0.9230769230769231;0.8755304143708064;0.9555555555555556;0.8927335640138409;258.0;12;31;0.8927335640138409;0.044444444444444446;0.10726643598615918;0.8565716743469238;0.6268156170845032
SEILS;FMT_C;test;SAE_D2_RVH_SEILS;VH;0.2;0.3;250;mean;0;0.3;311;0;0;0.0;0.0;0.0;0;311;0.0;0.0;1.0;0.0;0.0
SEILS;SEILS;val;SAE_D2_RVH_SEILS;VH;0.2;0.4;250;mean;0.0;0.2;290;0.9285714285714286;0.8612000593894543;0.9629629629629629;0.896551724137931;260.0;10;30;0.896551724137931;0.037037037037037035;0.10344827586206896;0.2161436229944229;0.11722109466791153
SEILS;Capitan;test;SAE_D2_RVH_SEILS;VH;0.2;0.4;250;mean;0;0.2;144;0;0;0.0;0.0;0.0;0;144;0.0;0.0;1.0;0.0;0.0
SEILS;SEILS;test;SAE_D2_RVH_SEILS;VH;0.2;0.4;250;mean;0;0.2;289;0.9145907473309609;0.8671228845011788;0.9413919413919414;0.889273356401384;257.0;16;32;0.889273356401384;0.05860805860805861;0.11072664359861592;0.8583577275276184;0.6030126214027405
SEILS;FMT_C;test;SAE_D2_RVH_SEILS;VH;0.2;0.4;250;mean;0;0.2;311;0;0;0.0;0.0;0.0;0;311;0.0;0.0;1.0;0.0;0.0
SEILS;SEILS;val;SAE_D2_RVH_SEILS;VH;0.2;0.5;250;mean;0.0;0.1;290;0.9217081850533807;0.8481607447427054;0.9522058823529411;0.8931034482758621;259.0;13;31;0.8931034482758621;0.04779411764705882;0.10689655172413794;0.06079301983118057;0.033104535192251205
SEILS;Capitan;test;SAE_D2_RVH_SEILS;VH;0.2;0.5;250;mean;0;0.1;144;0;0;0.0;0.0;0.0;8;144;0.0;1.0;1.0;0.0;0.0
SEILS;SEILS;test;SAE_D2_RVH_SEILS;VH;0.2;0.5;250;mean;0;0.1;289;0.9129662522202486;0.8549211061829649;0.9379562043795621;0.889273356401384;257.0;17;32;0.889273356401384;0.06204379562043796;0.11072664359861592;0.8539576530456543;0.5731111764907837
SEILS;FMT_C;test;SAE_D2_RVH_SEILS;VH;0.2;0.5;250;mean;0;0.1;311;0;0;0.0;0.0;0.0;0;311;0.0;0.0;1.0;0.0;0.0
SEILS;SEILS;val;SAE_D2_RVH_SEILS;VH;0.2;0.1;500;mean;0.0;0.55;290;0.9428571428571428;0.8635143031311208;0.9777777777777777;0.9103448275862069;264.0;6;26;0.9103448275862069;0.022222222222222223;0.0896551724137931;0.8094866871833801;0.4943870007991791
SEILS;Capitan;test;SAE_D2_RVH_SEILS;VH;0.2;0.1;500;mean;0;0.55;144;0;0;0.0;0.0;0.0;0;144;0.0;0.0;1.0;0.0;0.0
SEILS;SEILS;test;SAE_D2_RVH_SEILS;VH;0.2;0.1;500;mean;0;0.55;289;0.932142857142857;0.8772253972910479;0.9630996309963099;0.903114186851211;261.0;10;28;0.903114186851211;0.03690036900369004;0.09688581314878893;0.8718318939208984;0.643108606338501
SEILS;FMT_C;test;SAE_D2_RVH_SEILS;VH;0.2;0.1;500;mean;0;0.55;311;0;0;0.0;0.0;0.0;0;311;0.0;0.0;1.0;0.0;0.0
SEILS;SEILS;val;SAE_D2_RVH_SEILS;VH;0.2;0.2;500;mean;0.0;0.45;290;0.9392857142857144;0.8631972827855245;0.9740740740740741;0.906896551724138;263.0;7;27;0.906896551724138;0.025925925925925925;0.09310344827586207;0.6560549736022949;0.3777504563331604
SEILS;Capitan;test;SAE_D2_RVH_SEILS;VH;0.2;0.2;500;mean;0;0.45;144;0;0;0.0;0.0;0.0;0;144;0.0;0.0;1.0;0.0;0.0
SEILS;SEILS;test;SAE_D2_RVH_SEILS;VH;0.2;0.2;500;mean;0;0.45;289;0.9285714285714287;0.8762185489564703;0.959409594095941;0.8996539792387543;260.0;11;29;0.8996539792387543;0.04059040590405904;0.10034602076124567;0.8734698295593262;0.6411830186843872
SEILS;FMT_C;test;SAE_D2_RVH_SEILS;VH;0.2;0.2;500;mean;0;0.45;311;0;0;0.0;0.0;0.0;0;311;0.0;0.0;1.0;0.0;0.0
SEILS;SEILS;val;SAE_D2_RVH_SEILS;VH;0.2;0.3;500;mean;0.0;0.35;290;0.9323843416370108;0.8578563747479818;0.9632352941176471;0.903448275862069;262.0;10;28;0.903448275862069;0.03676470588235294;0.09655172413793103;0.4294450581073761;0.2409961223602295
SEILS;Capitan;test;SAE_D2_RVH_SEILS;VH;0.2;0.3;500;mean;0;0.35;144;0;0;0.0;0.0;0.0;0;144;0.0;0.0;1.0;0.0;0.0
SEILS;SEILS;test;SAE_D2_RVH_SEILS;VH;0.2;0.3;500;mean;0;0.35;289;0.932142857142857;0.8718651821799127;0.9630996309963099;0.903114186851211;261.0;10;28;0.903114186851211;0.03690036900369004;0.09688581314878893;0.8721299767494202;0.6361106634140015
SEILS;FMT_C;test;SAE_D2_RVH_SEILS;VH;0.2;0.3;500;mean;0;0.35;311;0;0;0.0;0.0;0.0;0;311;0.0;0.0;1.0;0.0;0.0
SEILS;SEILS;val;SAE_D2_RVH_SEILS;VH;0.2;0.4;500;mean;0.0;0.15;290;0.930232558139535;0.8517778134020204;0.966542750929368;0.896551724137931;260.0;9;30;0.896551724137931;0.03345724907063197;0.10344827586206896;0.21886290609836578;0.11827190965414047
SEILS;Capitan;test;SAE_D2_RVH_SEILS;VH;0.2;0.4;500;mean;0;0.15;144;0;0;0.0;0.0;0.0;1;144;0.0;1.0;1.0;0.0;0.0
SEILS;SEILS;test;SAE_D2_RVH_SEILS;VH;0.2;0.4;500;mean;0;0.15;289;0.9230769230769231;0.8625307354462322;0.9555555555555556;0.8927335640138409;258.0;12;31;0.8927335640138409;0.044444444444444446;0.10726643598615918;0.8608428835868835;0.6050914525985718
SEILS;FMT_C;test;SAE_D2_RVH_SEILS;VH;0.2;0.4;500;mean;0;0.15;311;0;0;0.0;0.0;0.0;0;311;0.0;0.0;1.0;0.0;0.0
SEILS;SEILS;val;SAE_D2_RVH_SEILS;VH;0.2;0.5;500;mean;0.0;0.1;290;0.9233511586452764;0.8474362353209346;0.955719557195572;0.8931034482758621;259.0;12;31;0.8931034482758621;0.04428044280442804;0.10689655172413794;0.06519845873117447;0.03494066372513771
SEILS;Capitan;test;SAE_D2_RVH_SEILS;VH;0.2;0.5;500;mean;0;0.1;144;0;0;0.0;0.0;0.0;0;144;0.0;0.0;1.0;0.0;0.0
SEILS;SEILS;test;SAE_D2_RVH_SEILS;VH;0.2;0.5;500;mean;0;0.1;289;0.9230769230769231;0.8650876484264219;0.9555555555555556;0.8927335640138409;258.0;12;31;0.8927335640138409;0.044444444444444446;0.10726643598615918;0.8641928434371948;0.6044875383377075
SEILS;FMT_C;test;SAE_D2_RVH_SEILS;VH;0.2;0.5;500;mean;0;0.1;311;0;0;0.0;0.0;0.0;0;311;0.0;0.0;1.0;0.0;0.0
SEILS;SEILS;val;SAE_D2_RVH_SEILS;VH;0.2;0.1;1;max;0.0;0.6;290;0.9100719424460431;0.8489802782563315;0.9511278195488722;0.8724137931034482;253.0;13;37;0.8724137931034482;0.04887218045112782;0.12758620689655173;0.7543816566467285;0.45660004019737244
SEILS;Capitan;test;SAE_D2_RVH_SEILS;VH;0.2;0.1;1;max;0;0.6;144;0.011428571428571427;0.5404704254583189;0.03225806451612903;0.006944444444444444;1.0;30;143;0.006944444444444444;0.967741935483871;0.9930555555555556;0.00046296295477077365;6.600659980904311e-05
SEILS;SEILS;test;SAE_D2_RVH_SEILS;VH;0.2;0.1;1;max;0;0.6;289;0.9068100358422939;0.8540626628711916;0.9405204460966543;0.8754325259515571;253.0;16;36;0.8754325259515571;0.05947955390334572;0.1245674740484429;0.8329804539680481;0.5562782883644104
SEILS;FMT_C;test;SAE_D2_RVH_SEILS;VH;0.2;0.1;1;max;0;0.6;311;0;0;0.0;0.0;0.0;0;311;0.0;0.0;1.0;0.0;0.0
SEILS;SEILS;val;SAE_D2_RVH_SEILS;VH;0.2;0.2;1;max;0.0;0.5;290;0.8421052631578947;0.8172348156255165;0.8571428571428571;0.8275862068965517;240.0;40;50;0.8275862068965517;0.14285714285714285;0.1724137931034483;0.6262798309326172;0.35860246419906616
SEILS;Capitan;test;SAE_D2_RVH_SEILS;VH;0.2;0.2;1;max;0;0.5;144;0.08;0.7287050111030184;0.14285714285714285;0.05555555555555555;8.0;48;136;0.05555555555555555;0.8571428571428571;0.9444444444444444;0.013625841587781906;0.0056314049288630486
SEILS;SEILS;test;SAE_D2_RVH_SEILS;VH;0.2;0.2;1;max;0;0.5;289;0.8212389380530972;0.8410260957471357;0.8405797101449275;0.8027681660899654;232.0;44;57;0.8027681660899654;0.15942028985507245;0.1972318339100346;0.6879560351371765;0.44033998250961304
SEILS;FMT_C;test;SAE_D2_RVH_SEILS;VH;0.2;0.2;1;max;0;0.5;311;0;0;0.0;0.0;0.0;0;311;0.0;0.0;1.0;0.0;0.0
SEILS;SEILS;val;SAE_D2_RVH_SEILS;VH;0.2;0.3;1;max;0.0;0.3;290;0.5892857142857143;0.7936819680226763;0.6111111111111112;0.5689655172413793;165.0;105;125;0.5689655172413793;0.3888888888888889;0.43103448275862066;0.3224540948867798;0.16476938128471375
SEILS;Capitan;test;SAE_D2_RVH_SEILS;VH;0.2;0.3;1;max;0;0.3;144;0.11042944785276075;0.8307664065223509;0.47368421052631576;0.0625;9.0;10;135;0.0625;0.5263157894736842;0.9375;0.03835470229387283;0.02676059864461422
SEILS;SEILS;test;SAE_D2_RVH_SEILS;VH;0.2;0.3;1;max;0;0.3;289;0.6799276672694394;0.8037413907399565;0.7121212121212122;0.6505190311418685;188.0;76;101;0.6505190311418685;0.2878787878787879;0.3494809688581315;0.4999706447124481;0.2788195312023163
SEILS;FMT_C;test;SAE_D2_RVH_SEILS;VH;0.2;0.3;1;max;0;0.3;311;0;0;0.0;0.0;0.0;33;311;0.0;1.0;1.0;0.0;0.0
SEILS;SEILS;val;SAE_D2_RVH_SEILS;VH;0.2;0.4;1;max;0.0;0.45;290;0.43043478260869567;0.7474458558245962;0.5823529411764706;0.3413793103448276;99.0;71;191;0.3413793103448276;0.4176470588235294;0.6586206896551724;0.17894986271858215;0.08249212801456451
SEILS;Capitan;test;SAE_D2_RVH_SEILS;VH;0.2;0.4;1;max;0;0.45;144;0;0;0.0;0.0;0.0;5;144;0.0;1.0;1.0;0.0;0.0
SEILS;SEILS;test;SAE_D2_RVH_SEILS;VH;0.2;0.4;1;max;0;0.45;289;0.4017278617710583;0.7616727983559312;0.5344827586206896;0.3217993079584775;93.0;81;196;0.3217993079584775;0.46551724137931033;0.6782006920415224;0.20576715469360352;0.10267680883407593
SEILS;FMT_C;test;SAE_D2_RVH_SEILS;VH;0.2;0.4;1;max;0;0.45;311;0;0;0.0;0.0;0.0;10;311;0.0;1.0;1.0;0.0;0.0
SEILS;SEILS;val;SAE_D2_RVH_SEILS;VH;0.2;0.5;1;max;0.0;0.1;290;0.22604422604422603;0.7390628833485605;0.39316239316239315;0.15862068965517243;46.0;71;244;0.15862068965517243;0.6068376068376068;0.8413793103448276;0.03332824632525444;0.011879733763635159
SEILS;Capitan;test;SAE_D2_RVH_SEILS;VH;0.2;0.5;1;max;0;0.1;144;0;0;0.0;0.0;0.0;2;144;0.0;1.0;1.0;0.0;0.0
SEILS;SEILS;test;SAE_D2_RVH_SEILS;VH;0.2;0.5;1;max;0;0.1;289;0.20417633410672856;0.7535699442872869;0.30985915492957744;0.1522491349480969;44.0;98;245;0.1522491349480969;0.6901408450704225;0.8477508650519031;0.06526094675064087;0.030466994270682335
SEILS;FMT_C;test;SAE_D2_RVH_SEILS;VH;0.2;0.5;1;max;0;0.1;311;0;0;0.0;0.0;0.0;42;311;0.0;1.0;1.0;0.0;0.0
SEILS;SEILS;val;SAE_D2_RVH_SEILS;VH;0.2;0.1;2;max;0.0;0.7;290;0.9376114081996435;0.8602948403810057;0.9704797047970479;0.906896551724138;263.0;8;27;0.906896551724138;0.02952029520295203;0.09310344827586207;0.7897521257400513;0.484131395816803
SEILS;Capitan;test;SAE_D2_RVH_SEILS;VH;0.2;0.1;2;max;0;0.7;144;0;0;0.0;0.0;0.0;11;144;0.0;1.0;1.0;0.0;0.0
SEILS;SEILS;test;SAE_D2_RVH_SEILS;VH;0.2;0.1;2;max;0;0.7;289;0.9247311827956989;0.8680751986845688;0.9591078066914498;0.8927335640138409;258.0;11;31;0.8927335640138409;0.040892193308550186;0.10726643598615918;0.8601899743080139;0.616705060005188
SEILS;FMT_C;test;SAE_D2_RVH_SEILS;VH;0.2;0.1;2;max;0;0.7;311;0;0;0.0;0.0;0.0;0;311;0.0;0.0;1.0;0.0;0.0
SEILS;SEILS;val;SAE_D2_RVH_SEILS;VH;0.2;0.2;2;max;0.0;0.65;290;0.9071803852889667;0.8362726291352363;0.9217081850533808;0.8931034482758621;259.0;22;31;0.8931034482758621;0.07829181494661921;0.10689655172413794;0.658636748790741;0.3820580840110779
SEILS;Capitan;test;SAE_D2_RVH_SEILS;VH;0.2;0.2;2;max;0;0.65;144;0;0;0.0;0.0;0.0;25;144;0.0;1.0;1.0;0.0;0.0
SEILS;SEILS;test;SAE_D2_RVH_SEILS;VH;0.2;0.2;2;max;0;0.65;289;0.8717047451669596;0.8479367859544485;0.8857142857142857;0.8581314878892734;248.0;32;41;0.8581314878892734;0.11428571428571428;0.14186851211072665;0.7638275027275085;0.5101286172866821
SEILS;FMT_C;test;SAE_D2_RVH_SEILS;VH;0.2;0.2;2;max;0;0.65;311;0;0;0.0;0.0;0.0;0;311;0.0;0.0;1.0;0.0;0.0
SEILS;SEILS;val;SAE_D2_RVH_SEILS;VH;0.2;0.3;2;max;0.0;0.75;290;0.7867647058823529;0.8246129358497484;0.84251968503937;0.7379310344827587;214.0;40;76;0.7379310344827587;0.15748031496062992;0.2620689655172414;0.5155758261680603;0.286387175321579
SEILS;Capitan;test;SAE_D2_RVH_SEILS;VH;0.2;0.3;2;max;0;0.75;144;0.07547169811320754;0.7524806119922532;0.4;0.041666666666666664;6.0;9;138;0.041666666666666664;0.6;0.9583333333333334;0.01923076994717121;0.010585454292595387
SEILS;SEILS;test;SAE_D2_RVH_SEILS;VH;0.2;0.3;2;max;0;0.75;289;0.7781818181818182;0.8148795238138523;0.8199233716475096;0.740484429065744;214.0;47;75;0.740484429065744;0.18007662835249041;0.25951557093425603;0.6215463280677795;0.3672935664653778
SEILS;FMT_C;test;SAE_D2_RVH_SEILS;VH;0.2;0.3;2;max;0;0.75;311;0;0;0.0;0.0;0.0;0;311;0.0;0.0;1.0;0.0;0.0
SEILS;SEILS;val;SAE_D2_RVH_SEILS;VH;0.2;0.4;2;max;0.0;0.4;290;0.5242369838420109;0.7581917080988396;0.5468164794007491;0.503448275862069;146.0;121;144;0.503448275862069;0.45318352059925093;0.496551724137931;0.2576155960559845;0.12288741022348404
SEILS;Capitan;test;SAE_D2_RVH_SEILS;VH;0.2;0.4;2;max;0;0.4;144;0.19266055045871558;0.7025880939217855;0.28378378378378377;0.14583333333333334;21.0;53;123;0.14583333333333334;0.7162162162162162;0.8541666666666666;0.055280108004808426;0.0199708454310894
SEILS;SEILS;test;SAE_D2_RVH_SEILS;VH;0.2;0.4;2;max;0;0.4;289;0.4558303886925795;0.7712956113875086;0.4657039711191336;0.4463667820069204;129.0;148;160;0.4463667820069204;0.5342960288808665;0.5536332179930796;0.2570668160915375;0.1255667358636856
SEILS;FMT_C;test;SAE_D2_RVH_SEILS;VH;0.2;0.4;2;max;0;0.4;311;0;0;0.0;0.0;0.0;14;311;0.0;1.0;1.0;0.0;0.0
SEILS;SEILS;val;SAE_D2_RVH_SEILS;VH;0.2;0.5;2;max;0.0;0.35;290;0.26046511627906976;0.7672381659902227;0.4;0.19310344827586207;56.0;84;234;0.19310344827586207;0.6;0.8068965517241379;0.06502321362495422;0.0326295867562294
SEILS;Capitan;test;SAE_D2_RVH_SEILS;VH;0.2;0.5;2;max;0;0.35;144;0;0;0.0;0.0;0.0;6;144;0.0;1.0;1.0;0.0;0.0
SEILS;SEILS;test;SAE_D2_RVH_SEILS;VH;0.2;0.5;2;max;0;0.35;289;0.1843971631205674;0.7527088860861748;0.291044776119403;0.13494809688581316;39.0;95;250;0.13494809688581316;0.7089552238805971;0.8650519031141869;0.04912906885147095;0.022116048261523247
SEILS;FMT_C;test;SAE_D2_RVH_SEILS;VH;0.2;0.5;2;max;0;0.35;311;0;0;0.0;0.0;0.0;14;311;0.0;1.0;1.0;0.0;0.0
SEILS;SEILS;val;SAE_D2_RVH_SEILS;VH;0.2;0.1;5;max;0.0;0.85;290;0.9304812834224598;0.8468563748872604;0.9630996309963099;0.9;261.0;10;29;0.9;0.03690036900369004;0.1;0.7133527994155884;0.40862876176834106
SEILS;Capitan;test;SAE_D2_RVH_SEILS;VH;0.2;0.1;5;max;0;0.85;144;0.025157232704402514;0.5548423768649091;0.13333333333333333;0.013888888888888888;2.0;13;142;0.013888888888888888;0.8666666666666667;0.9861111111111112;0.002314814832061529;0.0004200420225970447
SEILS;SEILS;test;SAE_D2_RVH_SEILS;VH;0.2;0.1;5;max;0;0.85;289;0.9326241134751772;0.8614462762858038;0.9563636363636364;0.9100346020761245;263.0;12;26;0.9100346020761245;0.04363636363636364;0.08996539792387544;0.8703240156173706;0.5930622220039368
SEILS;FMT_C;test;SAE_D2_RVH_SEILS;VH;0.2;0.1;5;max;0;0.85;311;0;0;0.0;0.0;0.0;0;311;0.0;0.0;1.0;0.0;0.0
SEILS;SEILS;val;SAE_D2_RVH_SEILS;VH;0.2;0.2;5;max;0.0;0.9;290;0.911660777385159;0.8397671121844132;0.9347826086956522;0.8896551724137931;258.0;18;32;0.8896551724137931;0.06521739130434782;0.1103448275862069;0.49789199233055115;0.2702874541282654
SEILS;Capitan;test;SAE_D2_RVH_SEILS;VH;0.2;0.2;5;max;0;0.9;144;0;0;0.0;0.0;0.0;9;144;0.0;1.0;1.0;0.0;0.0
SEILS;SEILS;test;SAE_D2_RVH_SEILS;VH;0.2;0.2;5;max;0;0.9;289;0.9033391915641475;0.837180008025646;0.9178571428571428;0.889273356401384;257.0;23;32;0.889273356401384;0.08214285714285714;0.11072664359861592;0.8247823715209961;0.5156355500221252
SEILS;FMT_C;test;SAE_D2_RVH_SEILS;VH;0.2;0.2;5;max;0;0.9;311;0;0;0.0;0.0;0.0;0;311;0.0;0.0;1.0;0.0;0.0
SEILS;SEILS;val;SAE_D2_RVH_SEILS;VH;0.2;0.3;5;max;0.0;0.7;290;0.7940199335548174;0.7832451530817577;0.7660256410256411;0.8241379310344827;239.0;73;51;0.8241379310344827;0.23397435897435898;0.17586206896551723;0.3982759714126587;0.20286302268505096
SEILS;Capitan;test;SAE_D2_RVH_SEILS;VH;0.2;0.3;5;max;0;0.7;144;0.1564245810055866;0.7852963448291798;0.4;0.09722222222222222;14.0;21;130;0.09722222222222222;0.6;0.9027777777777778;0.06125491112470627;0.03168139606714249
SEILS;SEILS;test;SAE_D2_RVH_SEILS;VH;0.2;0.3;5;max;0;0.7;289;0.7745098039215687;0.8197655857634554;0.7337461300309598;0.8200692041522492;237.0;86;52;0.8200692041522492;0.26625386996904027;0.17993079584775087;0.6017225980758667;0.35170048475265503
SEILS;FMT_C;test;SAE_D2_RVH_SEILS;VH;0.2;0.3;5;max;0;0.7;311;0;0;0.0;0.0;0.0;18;311;0.0;1.0;1.0;0.0;0.0
SEILS;SEILS;val;SAE_D2_RVH_SEILS;VH;0.2;0.4;5;max;0.0;0.9;290;0.5914396887159534;0.8068203157916376;0.6785714285714286;0.5241379310344828;152.0;72;138;0.5241379310344828;0.32142857142857145;0.47586206896551725;0.21253561973571777;0.10459735244512558
SEILS;Capitan;test;SAE_D2_RVH_SEILS;VH;0.2;0.4;5;max;0;0.9;144;0.02564102564102564;0.747272105449786;0.16666666666666666;0.013888888888888888;2.0;10;142;0.013888888888888888;0.8333333333333334;0.9861111111111112;0.003968254197388887;0.0029938709922134876
SEILS;SEILS;test;SAE_D2_RVH_SEILS;VH;0.2;0.4;5;max;0;0.9;289;0.636015325670498;0.7917150683025388;0.7124463519313304;0.5743944636678201;166.0;67;123;0.5743944636678201;0.2875536480686695;0.42560553633217996;0.41796615719795227;0.21937406063079834
SEILS;FMT_C;test;SAE_D2_RVH_SEILS;VH;0.2;0.4;5;max;0;0.9;311;0;0;0.0;0.0;0.0;0;311;0.0;0.0;1.0;0.0;0.0
SEILS;SEILS;val;SAE_D2_RVH_SEILS;VH;0.2;0.5;5;max;0.0;0.8;290;0.3841584158415841;0.7324717992908644;0.4511627906976744;0.33448275862068966;97.0;118;193;0.33448275862068966;0.5488372093023256;0.6655172413793103;0.12538258731365204;0.05372393876314163
SEILS;Capitan;test;SAE_D2_RVH_SEILS;VH;0.2;0.5;5;max;0;0.8;144;0.13829787234042554;0.6989628032109138;0.29545454545454547;0.09027777777777778;13.0;31;131;0.09027777777777778;0.7045454545454546;0.9097222222222222;0.041312601417303085;0.019016023725271225
SEILS;SEILS;test;SAE_D2_RVH_SEILS;VH;0.2;0.5;5;max;0;0.8;289;0.3822393822393823;0.7580337322450801;0.43231441048034935;0.34256055363321797;99.0;130;190;0.34256055363321797;0.5676855895196506;0.657439446366782;0.15703745186328888;0.07055408507585526
SEILS;FMT_C;test;SAE_D2_RVH_SEILS;VH;0.2;0.5;5;max;0;0.8;311;0;0;0.0;0.0;0.0;5;311;0.0;1.0;1.0;0.0;0.0
SEILS;SEILS;val;SAE_D2_RVH_SEILS;VH;0.2;0.1;25;max;0.0;0.9;290;0.9293286219081272;0.8474303805358209;0.9528985507246377;0.906896551724138;263.0;13;27;0.906896551724138;0.04710144927536232;0.09310344827586207;0.49182748794555664;0.25454747676849365
SEILS;Capitan;test;SAE_D2_RVH_SEILS;VH;0.2;0.1;25;max;0;0.9;144;0.012658227848101266;0.5728048998569385;0.07142857142857142;0.006944444444444444;1.0;13;143;0.006944444444444444;0.9285714285714286;0.9930555555555556;0.0005787037080153823;0.0001650165067985654
SEILS;SEILS;test;SAE_D2_RVH_SEILS;VH;0.2;0.1;25;max;0;0.9;289;0.9274336283185841;0.8662312750897873;0.9492753623188406;0.9065743944636678;262.0;14;27;0.9065743944636678;0.050724637681159424;0.09342560553633218;0.8638787269592285;0.6052585244178772
SEILS;FMT_C;test;SAE_D2_RVH_SEILS;VH;0.2;0.1;25;max;0;0.9;311;0;0;0.0;0.0;0.0;0;311;0.0;0.0;1.0;0.0;0.0
SEILS;SEILS;val;SAE_D2_RVH_SEILS;VH;0.2;0.2;25;max;0.0;0.9;290;0.8519134775374375;0.827725969991284;0.8231511254019293;0.8827586206896552;256.0;55;34;0.8827586206896552;0.17684887459807075;0.11724137931034483;0.23999172449111938;0.10683979839086533
SEILS;Capitan;test;SAE_D2_RVH_SEILS;VH;0.2;0.2;25;max;0;0.9;144;0;0;0.0;0.0;0.0;37;144;0.0;1.0;1.0;0.0;0.0
SEILS;SEILS;test;SAE_D2_RVH_SEILS;VH;0.2;0.2;25;max;0;0.9;289;0.8470588235294118;0.8435119685626389;0.8235294117647058;0.8719723183391004;252.0;54;37;0.8719723183391004;0.17647058823529413;0.12802768166089964;0.7440569996833801;0.4913965165615082
SEILS;FMT_C;test;SAE_D2_RVH_SEILS;VH;0.2;0.2;25;max;0;0.9;311;0;0;0.0;0.0;0.0;0;311;0.0;0.0;1.0;0.0;0.0
SEILS;SEILS;val;SAE_D2_RVH_SEILS;VH;0.2;0.3;25;max;0.0;0.9;290;0.7630252100840336;0.8095662890191307;0.7442622950819672;0.7827586206896552;227.0;78;63;0.7827586206896552;0.25573770491803277;0.21724137931034482;0.12495411932468414;0.05721515417098999
SEILS;Capitan;test;SAE_D2_RVH_SEILS;VH;0.2;0.3;25;max;0;0.9;144;0.13526570048309178;0.6930020513744324;0.2222222222222222;0.09722222222222222;14.0;49;130;0.09722222222222222;0.7777777777777778;0.9027777777777778;0.03555905818939209;0.015666406601667404
SEILS;SEILS;test;SAE_D2_RVH_SEILS;VH;0.2;0.3;25;max;0;0.9;289;0.7728813559322033;0.8130800284975168;0.7574750830564784;0.7889273356401384;228.0;73;61;0.7889273356401384;0.2425249169435216;0.21107266435986158;0.6133630871772766;0.358220636844635
SEILS;FMT_C;test;SAE_D2_RVH_SEILS;VH;0.2;0.3;25;max;0;0.9;311;0;0;0.0;0.0;0.0;3;311;0.0;1.0;1.0;0.0;0.0
SEILS;SEILS;val;SAE_D2_RVH_SEILS;VH;0.2;0.4;25;max;0.0;0.9;290;0.564625850340136;0.782196966639501;0.5570469798657718;0.5724137931034483;166.0;132;124;0.5724137931034483;0.4429530201342282;0.42758620689655175;0.047292325645685196;0.02239333651959896
SEILS;Capitan;test;SAE_D2_RVH_SEILS;VH;0.2;0.4;25;max;0;0.9;144;0.20720720720720717;0.7128357581568195;0.2948717948717949;0.1597222222222222;23.0;55;121;0.1597222222222222;0.7051282051282052;0.8402777777777778;0.08804827928543091;0.037032146006822586
SEILS;SEILS;test;SAE_D2_RVH_SEILS;VH;0.2;0.4;25;max;0;0.9;289;0.5501730103806228;0.782145571490942;0.5501730103806228;0.5501730103806228;159.0;130;130;0.5501730103806228;0.44982698961937717;0.44982698961937717;0.3210065960884094;0.16376133263111115
SEILS;FMT_C;test;SAE_D2_RVH_SEILS;VH;0.2;0.4;25;max;0;0.9;311;0.016949152542372885;0.6942466439383571;0.06976744186046512;0.00964630225080386;3.0;40;308;0.00964630225080386;0.9302325581395349;0.9903536977491961;0.0010335324332118034;0.000476661924039945
SEILS;SEILS;val;SAE_D2_RVH_SEILS;VH;0.2;0.5;25;max;0.0;0.9;290;0.42508710801393723;0.7544664203165058;0.4295774647887324;0.4206896551724138;122.0;162;168;0.4206896551724138;0.5704225352112676;0.5793103448275863;0.05901843681931496;0.029376160353422165
SEILS;Capitan;test;SAE_D2_RVH_SEILS;VH;0.2;0.5;25;max;0;0.9;144;0.2018348623853211;0.7510582858413493;0.2972972972972973;0.1527777777777778;22.0;52;122;0.1527777777777778;0.7027027027027027;0.8472222222222222;0.07113610208034515;0.03285013511776924
SEILS;SEILS;test;SAE_D2_RVH_SEILS;VH;0.2;0.5;25;max;0;0.9;289;0.37049742710120065;0.7595006680730642;0.3673469387755102;0.3737024221453287;108.0;186;181;0.3737024221453287;0.6326530612244898;0.6262975778546713;0.1402830183506012;0.06496270000934601
SEILS;FMT_C;test;SAE_D2_RVH_SEILS;VH;0.2;0.5;25;max;0;0.9;311;0;0;0.0;0.0;0.0;27;311;0.0;1.0;1.0;0.0;0.0
SEILS;SEILS;val;SAE_D2_RVH_SEILS;VH;0.2;0.1;75;max;0.0;0.9;290;0.8930390492359932;0.8459019847489115;0.8795986622073578;0.906896551724138;263.0;36;27;0.906896551724138;0.12040133779264214;0.09310344827586207;0.3755304217338562;0.1798357367515564
SEILS;Capitan;test;SAE_D2_RVH_SEILS;VH;0.2;0.1;75;max;0;0.9;144;0;0;0.0;0.0;0.0;31;144;0.0;1.0;1.0;0.0;0.0
SEILS;SEILS;test;SAE_D2_RVH_SEILS;VH;0.2;0.1;75;max;0;0.9;289;0.8850771869639794;0.8620671732670293;0.8775510204081632;0.8927335640138409;258.0;36;31;0.8927335640138409;0.12244897959183673;0.10726643598615918;0.8047732710838318;0.5545331239700317
SEILS;FMT_C;test;SAE_D2_RVH_SEILS;VH;0.2;0.1;75;max;0;0.9;311;0;0;0.0;0.0;0.0;0;311;0.0;0.0;1.0;0.0;0.0
SEILS;SEILS;val;SAE_D2_RVH_SEILS;VH;0.2;0.2;75;max;0.0;0.9;290;0.7503828483920368;0.7985042208498956;0.6749311294765841;0.8448275862068966;245.0;118;45;0.8448275862068966;0.325068870523416;0.15517241379310345;0.14180263876914978;0.05424486845731735
SEILS;Capitan;test;SAE_D2_RVH_SEILS;VH;0.2;0.2;75;max;0;0.9;144;0.0603448275862069;0.5883024099875096;0.07954545454545454;0.04861111111111111;7.0;81;137;0.04861111111111111;0.9204545454545454;0.9513888888888888;0.007054673507809639;0.0012258368078619242
SEILS;SEILS;test;SAE_D2_RVH_SEILS;VH;0.2;0.2;75;max;0;0.9;289;0.7423312883435583;0.8032476474568754;0.6666666666666666;0.8373702422145328;242.0;121;47;0.8373702422145328;0.3333333333333333;0.16262975778546712;0.6009458303451538;0.34349870681762695
SEILS;FMT_C;test;SAE_D2_RVH_SEILS;VH;0.2;0.2;75;max;0;0.9;311;0;0;0.0;0.0;0.0;0;311;0.0;0.0;1.0;0.0;0.0
SEILS;SEILS;val;SAE_D2_RVH_SEILS;VH;0.2;0.3;75;max;0.0;0.9;290;0.5682758620689655;0.7445201240452498;0.4735632183908046;0.7103448275862069;206.0;229;84;0.7103448275862069;0.5264367816091954;0.2896551724137931;0.03413763269782066;0.011911487206816673
SEILS;Capitan;test;SAE_D2_RVH_SEILS;VH;0.2;0.3;75;max;0;0.9;144;0.30278884462151395;0.7293206570771796;0.35514018691588783;0.2638888888888889;38.0;69;106;0.2638888888888889;0.6448598130841121;0.7361111111111112;0.11606130748987198;0.047365494072437286
SEILS;SEILS;test;SAE_D2_RVH_SEILS;VH;0.2;0.3;75;max;0;0.9;289;0.6131386861313868;0.7450128060622327;0.5303030303030303;0.726643598615917;210.0;186;79;0.726643598615917;0.4696969696969697;0.27335640138408307;0.4376031160354614;0.1941530704498291
SEILS;FMT_C;test;SAE_D2_RVH_SEILS;VH;0.2;0.3;75;max;0;0.9;311;0;0;0.0;0.0;0.0;7;311;0.0;1.0;1.0;0.0;0.0
SEILS;SEILS;val;SAE_D2_RVH_SEILS;VH;0.2;0.4;75;max;0.0;0.9;290;0.2786069651741293;0.7349291247779282;0.268370607028754;0.2896551724137931;84.0;229;206;0.2896551724137931;0.731629392971246;0.7103448275862069;0.006059056147933006;0.0022893964778631926
SEILS;Capitan;test;SAE_D2_RVH_SEILS;VH;0.2;0.4;75;max;0;0.9;144;0.1935483870967742;0.7279734548448884;0.23076923076923078;0.16666666666666666;24.0;80;120;0.16666666666666666;0.7692307692307693;0.8333333333333334;0.06174877658486366;0.026345735415816307
SEILS;SEILS;test;SAE_D2_RVH_SEILS;VH;0.2;0.4;75;max;0;0.9;289;0.31647634584013046;0.7264436142996614;0.2993827160493827;0.3356401384083045;97.0;227;192;0.3356401384083045;0.7006172839506173;0.6643598615916955;0.1048235148191452;0.042492713779211044
SEILS;FMT_C;test;SAE_D2_RVH_SEILS;VH;0.2;0.4;75;max;0;0.9;311;0;0;0.0;0.0;0.0;89;311;0.0;1.0;1.0;0.0;0.0
SEILS;SEILS;val;SAE_D2_RVH_SEILS;VH;0.2;0.5;75;max;0.0;0.9;290;0.17777777777777776;0.7397645073412471;0.17627118644067796;0.1793103448275862;52.0;243;238;0.1793103448275862;0.823728813559322;0.8206896551724138;0.0015125763602554798;0.0006594786536879838
SEILS;Capitan;test;SAE_D2_RVH_SEILS;VH;0.2;0.5;75;max;0;0.9;144;0.3333333333333333;0.673319836478603;0.37719298245614036;0.2986111111111111;43.0;71;101;0.2986111111111111;0.6228070175438597;0.7013888888888888;0.17360879480838776;0.056552816182374954
SEILS;SEILS;test;SAE_D2_RVH_SEILS;VH;0.2;0.5;75;max;0;0.9;289;0.15358931552587646;0.7531082074614895;0.14838709677419354;0.15916955017301038;46.0;264;243;0.15916955017301038;0.8516129032258064;0.8408304498269896;0.024934016168117523;0.011079980060458183
SEILS;FMT_C;test;SAE_D2_RVH_SEILS;VH;0.2;0.5;75;max;0;0.9;311;0.024330900243309004;0.748428325045689;0.05;0.01607717041800643;5.0;95;306;0.01607717041800643;0.95;0.9839228295819936;0.0062968917191028595;0.004702970385551453
SEILS;SEILS;val;SAE_D2_RVH_SEILS;VH;0.2;0.1;250;max;0.0;0.9;290;0.8718801996672213;0.8288061522436099;0.842443729903537;0.903448275862069;262.0;49;28;0.903448275862069;0.15755627009646303;0.09655172413793103;0.2739466726779938;0.11842731386423111
SEILS;Capitan;test;SAE_D2_RVH_SEILS;VH;0.2;0.1;250;max;0;0.9;144;0.0202020202020202;0.5782348657007561;0.037037037037037035;0.013888888888888888;2.0;52;142;0.013888888888888888;0.9629629629629629;0.9861111111111112;0.0008169934735633433;0.00026963482378050685
SEILS;SEILS;test;SAE_D2_RVH_SEILS;VH;0.2;0.1;250;max;0;0.9;289;0.8724832214765103;0.8451226447040102;0.8469055374592834;0.8996539792387543;260.0;47;29;0.8996539792387543;0.15309446254071662;0.10034602076124567;0.786916971206665;0.52206951379776
SEILS;FMT_C;test;SAE_D2_RVH_SEILS;VH;0.2;0.1;250;max;0;0.9;311;0;0;0.0;0.0;0.0;0;311;0.0;0.0;1.0;0.0;0.0
SEILS;SEILS;val;SAE_D2_RVH_SEILS;VH;0.2;0.2;250;max;0.0;0.9;290;0.5866666666666667;0.7519282978616394;0.4782608695652174;0.7586206896551724;220.0;240;70;0.7586206896551724;0.5217391304347826;0.2413793103448276;0.05688836798071861;0.01785554550588131
SEILS;Capitan;test;SAE_D2_RVH_SEILS;VH;0.2;0.2;250;max;0;0.9;144;0.35294117647058826;0.7225674913585145;0.375;0.3333333333333333;48.0;80;96;0.3333333333333333;0.625;0.6666666666666666;0.14755408465862274;0.05821549892425537
SEILS;SEILS;test;SAE_D2_RVH_SEILS;VH;0.2;0.2;250;max;0;0.9;289;0.6132208157524612;0.7510674848816361;0.5165876777251185;0.754325259515571;218.0;204;71;0.754325259515571;0.4834123222748815;0.24567474048442905;0.4467925429344177;0.20264199376106262
SEILS;FMT_C;test;SAE_D2_RVH_SEILS;VH;0.2;0.2;250;max;0;0.9;311;0;0;0.0;0.0;0.0;5;311;0.0;1.0;1.0;0.0;0.0
SEILS;SEILS;val;SAE_D2_RVH_SEILS;VH;0.2;0.3;250;max;0.0;0.9;290;0.29032258064516125;0.694871270837785;0.23788546255506607;0.3724137931034483;108.0;346;182;0.3724137931034483;0.762114537444934;0.6275862068965518;0.00704041775316;0.002041802741587162
SEILS;Capitan;test;SAE_D2_RVH_SEILS;VH;0.2;0.3;250;max;0;0.9;144;0.4738675958188153;0.7624668446145585;0.4755244755244755;0.4722222222222222;68.0;75;76;0.4722222222222222;0.5244755244755245;0.5277777777777778;0.2663578987121582;0.12175238132476807
SEILS;SEILS;test;SAE_D2_RVH_SEILS;VH;0.2;0.3;250;max;0;0.9;289;0.3570469798657719;0.6676142732332065;0.2916666666666667;0.4602076124567474;133.0;323;156;0.4602076124567474;0.7083333333333334;0.5397923875432526;0.15263591706752777;0.04440274089574814
SEILS;FMT_C;test;SAE_D2_RVH_SEILS;VH;0.2;0.3;250;max;0;0.9;311;0;0;0.0;0.0;0.0;42;311;0.0;1.0;1.0;0.0;0.0
SEILS;SEILS;val;SAE_D2_RVH_SEILS;VH;0.2;0.4;250;max;0.0;0.9;290;0.08496732026143791;0.6747591630096377;0.08074534161490683;0.0896551724137931;26.0;296;264;0.0896551724137931;0.9192546583850931;0.9103448275862069;0.00017448226572014391;7.35087669454515e-05
SEILS;Capitan;test;SAE_D2_RVH_SEILS;VH;0.2;0.4;250;max;0;0.9;144;0.3873015873015873;0.7275274703693904;0.3567251461988304;0.4236111111111111;61.0;110;83;0.4236111111111111;0.6432748538011696;0.5763888888888888;0.1789390742778778;0.06820211559534073
SEILS;SEILS;test;SAE_D2_RVH_SEILS;VH;0.2;0.4;250;max;0;0.9;289;0.0768;0.6194177082535869;0.07142857142857142;0.08304498269896193;24.0;312;265;0.08304498269896193;0.9285714285714286;0.916955017301038;0.009473565965890884;0.002218166133388877
SEILS;FMT_C;test;SAE_D2_RVH_SEILS;VH;0.2;0.4;250;max;0;0.9;311;0.02079002079002079;0.6316001480682468;0.029411764705882353;0.01607717041800643;5.0;165;306;0.01607717041800643;0.9705882352941176;0.9839228295819936;0.0009784522699192166;0.0003027675556950271
SEILS;SEILS;val;SAE_D2_RVH_SEILS;VH;0.2;0.5;250;max;0.0;0.9;290;0.007259528130671507;0.5812105008530033;0.007662835249042145;0.006896551724137931;2.0;259;288;0.006896551724137931;0.9923371647509579;0.993103448275862;9.894622507999884e-07;4.8297511057171505e-06
SEILS;Capitan;test;SAE_D2_RVH_SEILS;VH;0.2;0.5;250;max;0;0.9;144;0.42331288343558277;0.7220271380466866;0.3791208791208791;0.4791666666666667;69.0;113;75;0.4791666666666667;0.6208791208791209;0.5208333333333334;0.22137705981731415;0.0863742008805275
SEILS;SEILS;test;SAE_D2_RVH_SEILS;VH;0.2;0.5;250;max;0;0.9;289;0.006932409012131716;0.5663074305161656;0.006944444444444444;0.006920415224913495;2.0;286;287;0.006920415224913495;0.9930555555555556;0.9930795847750865;0.00012035504914820194;2.7752083042287268e-05
SEILS;FMT_C;test;SAE_D2_RVH_SEILS;VH;0.2;0.5;250;max;0;0.9;311;0.035211267605633804;0.6246969627518506;0.038910505836575876;0.03215434083601286;10.0;247;301;0.03215434083601286;0.9610894941634242;0.9678456591639871;0.00185731693636626;0.0005174429388716817
SEILS;SEILS;val;SAE_D2_RVH_SEILS;VH;0.2;0.1;500;max;0.0;0.9;290;0.8397435897435899;0.8165728218909096;0.7844311377245509;0.903448275862069;262.0;72;28;0.903448275862069;0.2155688622754491;0.09655172413793103;0.22723613679409027;0.09248754382133484
SEILS;Capitan;test;SAE_D2_RVH_SEILS;VH;0.2;0.1;500;max;0;0.9;144;0.058823529411764705;0.619682869008355;0.1;0.041666666666666664;6.0;54;138;0.041666666666666664;0.9;0.9583333333333334;0.004999999888241291;0.0012795126531273127
SEILS;SEILS;test;SAE_D2_RVH_SEILS;VH;0.2;0.1;500;max;0;0.9;289;0.8282504012841091;0.833817011699499;0.7724550898203593;0.8927335640138409;258.0;76;31;0.8927335640138409;0.2275449101796407;0.10726643598615918;0.7092651128768921;0.45736461877822876
SEILS;FMT_C;test;SAE_D2_RVH_SEILS;VH;0.2;0.1;500;max;0;0.9;311;0;0;0.0;0.0;0.0;0;311;0.0;0.0;1.0;0.0;0.0
SEILS;SEILS;val;SAE_D2_RVH_SEILS;VH;0.2;0.2;500;max;0.0;0.9;290;0.46114649681528663;0.7241544132597285;0.3656565656565657;0.6241379310344828;181.0;314;109;0.6241379310344828;0.6343434343434343;0.3758620689655172;0.033547088503837585;0.01026009488850832
SEILS;Capitan;test;SAE_D2_RVH_SEILS;VH;0.2;0.2;500;max;0;0.9;144;0.43018867924528303;0.7345622897806597;0.47107438016528924;0.3958333333333333;57.0;64;87;0.3958333333333333;0.5289256198347108;0.6041666666666666;0.21538829803466797;0.08444398641586304
SEILS;SEILS;test;SAE_D2_RVH_SEILS;VH;0.2;0.2;500;max;0;0.9;289;0.5227882037533511;0.712418420910253;0.42669584245076586;0.6747404844290658;195.0;262;94;0.6747404844290658;0.5733041575492341;0.32525951557093424;0.3345399796962738;0.12649086117744446
SEILS;FMT_C;test;SAE_D2_RVH_SEILS;VH;0.2;0.2;500;max;0;0.9;311;0;0;0.0;0.0;0.0;8;311;0.0;1.0;1.0;0.0;0.0
SEILS;SEILS;val;SAE_D2_RVH_SEILS;VH;0.2;0.3;500;max;0.0;0.9;290;0.2121212121212121;0.6790809810299205;0.17660550458715596;0.2655172413793103;77.0;359;213;0.2655172413793103;0.823394495412844;0.7344827586206897;0.0022491018753498793;0.0006875882972963154
SEILS;Capitan;test;SAE_D2_RVH_SEILS;VH;0.2;0.3;500;max;0;0.9;144;0.5796178343949043;0.7866477502667917;0.5352941176470588;0.6319444444444444;91.0;79;53;0.6319444444444444;0.4647058823529412;0.3680555555555556;0.39824455976486206;0.20766696333885193
SEILS;SEILS;test;SAE_D2_RVH_SEILS;VH;0.2;0.3;500;max;0;0.9;289;0.21842105263157893;0.6274021848544078;0.1762208067940552;0.28719723183391005;83.0;388;206;0.28719723183391005;0.8237791932059448;0.71280276816609;0.05837487056851387;0.013529697433114052
SEILS;FMT_C;test;SAE_D2_RVH_SEILS;VH;0.2;0.3;500;max;0;0.9;311;0.010282776349614395;0.5055691571977439;0.02564102564102564;0.006430868167202572;2.0;76;309;0.006430868167202572;0.9743589743589743;0.9935691318327974;0.000389749591704458;6.0005997511325404e-05
SEILS;SEILS;val;SAE_D2_RVH_SEILS;VH;0.2;0.4;500;max;0.0;0.9;290;0.034071550255536626;0.6245669231756656;0.03367003367003367;0.034482758620689655;10.0;287;280;0.034482758620689655;0.9663299663299664;0.9655172413793104;3.761210973607376e-05;3.954064959543757e-05
SEILS;Capitan;test;SAE_D2_RVH_SEILS;VH;0.2;0.4;500;max;0;0.9;144;0.5227963525835867;0.7346662687588494;0.4648648648648649;0.5972222222222222;86.0;99;58;0.5972222222222222;0.5351351351351351;0.4027777777777778;0.33218643069267273;0.13526882231235504
SEILS;SEILS;test;SAE_D2_RVH_SEILS;VH;0.2;0.4;500;max;0;0.9;289;0.009661835748792268;0.5844516294889587;0.009036144578313253;0.010380622837370242;3.0;329;286;0.010380622837370242;0.9909638554216867;0.9896193771626297;0.00020761245104949921;8.725750376470387e-05
SEILS;FMT_C;test;SAE_D2_RVH_SEILS;VH;0.2;0.4;500;max;0;0.9;311;0.05782312925170069;0.6530630763774449;0.061371841155234655;0.05466237942122187;17.0;260;294;0.05466237942122187;0.9386281588447654;0.9453376205787781;0.005536046344786882;0.0015922083985060453
SEILS;SEILS;val;SAE_D2_RVH_SEILS;VH;0.2;0.5;500;max;0.0;0.9;290;0.004210526315789474;0.5324590163934426;0.005405405405405406;0.0034482758620689655;1.0;184;289;0.0034482758620689655;0.9945945945945946;0.996551724137931;4.2613393702595204e-07;2.0800398488063365e-06
SEILS;Capitan;test;SAE_D2_RVH_SEILS;VH;0.2;0.5;500;max;0;0.9;144;0.5302013422818792;0.6947626200404857;0.512987012987013;0.5486111111111112;79.0;75;65;0.5486111111111112;0.487012987012987;0.4513888888888889;0.33588436245918274;0.11389335244894028
SEILS;SEILS;test;SAE_D2_RVH_SEILS;VH;0.2;0.5;500;max;0;0.9;289;0;0;0.0;0.0;0.0;220;289;0.0;1.0;1.0;0.0;0.0
SEILS;FMT_C;test;SAE_D2_RVH_SEILS;VH;0.2;0.5;500;max;0;0.9;311;0.0859259259259259;0.619862717978567;0.07967032967032966;0.0932475884244373;29.0;335;282;0.0932475884244373;0.9203296703296703;0.9067524115755627;0.010323540307581425;0.0025592742022126913
