Source;Target;Partition;model;Resize;dropoutTrain;dropoutVal;Repetitions;Combination;VoteTH;BinTH;TotalGTBoxes;F1;IoU;Prec;Recall;TP;FP;FN;TP-norm;FP-norm;FN-norm;mAP;COCO;F1_avg_indiv;F1_variance
Capitan;Capitan;val;SAE_D3_RVH_Capitan;VH;0.3;0.1;2;max;0.0;0.6;121;0.9836065573770492;0.8586994758068712;0.975609756097561;0.9917355371900827;120.0;3;1;0.9917355371900827;0.024390243902439025;0.008264462809917356;0.921660304069519;0.5692388415336609;0.9196880008253269;0.2183071308305377
Capitan;Capitan;test;SAE_D3_RVH_Capitan;VH;0.3;0.1;2;max;0;0.6;144;0.9411764705882353;0.8539985312643954;0.8888888888888888;1.0;144.0;18;0;1.0;0.1111111111111111;0.0;0.9764832854270935;0.6899454593658447;0.748;0.4319444408717399
Capitan;SEILS;test;SAE_D3_RVH_Capitan;VH;0.3;0.1;2;max;0;0.6;289;0.3469387755102041;0.7355408404463064;0.29974811083123426;0.4117647058823529;119.0;278;170;0.4117647058823529;0.7002518891687658;0.5882352941176471;0.17876876890659332;0.07270468771457672;0.33097183149246334;0.21504132782705468
Capitan;FMT_C;test;SAE_D3_RVH_Capitan;VH;0.3;0.1;2;max;0;0.6;311;0;0;0.0;0.0;0.0;2;311;0.0;1.0;1.0;0.0;0.0;0.0;0.0
Capitan;Capitan;val;SAE_D3_RVH_Capitan;VH;0.3;0.2;2;max;0.0;0.75;121;0.9672131147540983;0.8531159096275707;0.959349593495935;0.9752066115702479;118.0;5;3;0.9752066115702479;0.04065040650406504;0.024793388429752067;0.8977647423744202;0.5453783869743347;0.8811679260406212;0.27005441703502414
Capitan;Capitan;test;SAE_D3_RVH_Capitan;VH;0.3;0.2;2;max;0;0.75;144;0.9627118644067797;0.8623415496695048;0.9403973509933775;0.9861111111111112;142.0;9;2;0.9861111111111112;0.059602649006622516;0.013888888888888888;0.9638230800628662;0.6972373723983765;0.8884615384615385;0.3003695948179913
Capitan;SEILS;test;SAE_D3_RVH_Capitan;VH;0.3;0.2;2;max;0;0.75;289;0.25951557093425603;0.7136346946479626;0.25951557093425603;0.25951557093425603;75.0;214;214;0.25951557093425603;0.740484429065744;0.740484429065744;0.09096474945545197;0.03385526314377785;0.21914012709893715;0.24995552167712828
Capitan;FMT_C;test;SAE_D3_RVH_Capitan;VH;0.3;0.2;2;max;0;0.75;311;0;0;0.0;0.0;0.0;0;311;0.0;0.0;1.0;0.0;0.0;0.0;0.0
Capitan;Capitan;val;SAE_D3_RVH_Capitan;VH;0.3;0.3;2;max;0.0;0.3;121;0.979591836734694;0.8099486681977768;0.967741935483871;0.9917355371900827;120.0;4;1;0.9917355371900827;0.03225806451612903;0.008264462809917356;0.8590428829193115;0.48677897453308105;0.9099541195039372;0.1900197441155339
Capitan;Capitan;test;SAE_D3_RVH_Capitan;VH;0.3;0.3;2;max;0;0.3;144;0.8785046728971962;0.8000806296200751;0.7966101694915254;0.9791666666666666;141.0;36;3;0.9791666666666666;0.2033898305084746;0.020833333333333332;0.9316515326499939;0.5230653882026672;0.730219001610306;0.4241975390949037
Capitan;SEILS;test;SAE_D3_RVH_Capitan;VH;0.3;0.3;2;max;0;0.3;289;0.14586709886547813;0.7080287749392731;0.13719512195121952;0.15570934256055363;45.0;283;244;0.15570934256055363;0.8628048780487805;0.8442906574394463;0.035857927054166794;0.01178581453859806;0.12104413718265712;0.17260618175850517
Capitan;FMT_C;test;SAE_D3_RVH_Capitan;VH;0.3;0.3;2;max;0;0.3;311;0;0;0.0;0.0;0.0;62;311;0.0;1.0;1.0;0.0;0.0;0.0;0.0
Capitan;Capitan;val;SAE_D3_RVH_Capitan;VH;0.3;0.4;2;max;0.0;0.3;121;0.924901185770751;0.7695814030350914;0.8863636363636364;0.9669421487603306;117.0;15;4;0.9669421487603306;0.11363636363636363;0.03305785123966942;0.6849864721298218;0.3215530216693878;0.8245314160664404;0.2688702938950602
Capitan;Capitan;test;SAE_D3_RVH_Capitan;VH;0.3;0.4;2;max;0;0.3;144;0.7262569832402234;0.7708197894809674;0.6074766355140186;0.9027777777777778;130.0;84;14;0.9027777777777778;0.3925233644859813;0.09722222222222222;0.7602084279060364;0.36721473932266235;0.6222419617419618;0.45127649556983596
Capitan;SEILS;test;SAE_D3_RVH_Capitan;VH;0.3;0.4;2;max;0;0.3;289;0.1161524500907441;0.7019151120533709;0.12213740458015267;0.11072664359861592;32.0;230;257;0.11072664359861592;0.8778625954198473;0.889273356401384;0.023834556341171265;0.009058862924575806;0.08699430837361873;0.17227959680868868
Capitan;FMT_C;test;SAE_D3_RVH_Capitan;VH;0.3;0.4;2;max;0;0.3;311;0;0;0.0;0.0;0.0;72;311;0.0;1.0;1.0;0.0;0.0;0.0;0.0
Capitan;Capitan;val;SAE_D3_RVH_Capitan;VH;0.3;0.5;2;max;0.0;0.25;121;0.6720647773279352;0.768856858503982;0.6587301587301587;0.6859504132231405;83.0;43;38;0.6859504132231405;0.3412698412698413;0.3140495867768595;0.39664918184280396;0.16591012477874756;0.5629098857330844;0.3992205945593762
Capitan;Capitan;test;SAE_D3_RVH_Capitan;VH;0.3;0.5;2;max;0;0.25;144;0.5738636363636364;0.7277327844885942;0.4855769230769231;0.7013888888888888;101.0;107;43;0.7013888888888888;0.5144230769230769;0.2986111111111111;0.5624029040336609;0.2257411926984787;0.499185552798456;0.4562349199178152
Capitan;SEILS;test;SAE_D3_RVH_Capitan;VH;0.3;0.5;2;max;0;0.25;289;0.06766917293233081;0.7350952441848139;0.07407407407407407;0.06228373702422145;18.0;225;271;0.06228373702422145;0.9259259259259259;0.9377162629757786;0.007496441248804331;0.003572792513296008;0.04728892371995821;0.1536509116430635
Capitan;FMT_C;test;SAE_D3_RVH_Capitan;VH;0.3;0.5;2;max;0;0.25;311;0.004301075268817204;0.7226172976838425;0.006493506493506494;0.003215434083601286;1.0;153;310;0.003215434083601286;0.9935064935064936;0.9967845659163987;4.593477206071839e-05;7.072135485941544e-05;0.0028490028490028487;0.014245014245014245
